1 0.099996 0.388437 0.022565 0.075622
1 0.229590 0.271055 0.015856 0.045304
1 0.242092 0.583367 0.042080 0.126484
1 0.300028 0.543930 0.046959 0.119166
1 0.357050 0.362785 0.023174 0.063502
1 0.464994 0.351652 0.020735 0.054868
1 0.419255 0.328516 0.014637 0.040967
1 0.374431 0.345534 0.020125 0.044336
1 0.807123 0.594914 0.042690 0.131688
1 0.655269 0.491950 0.029273 0.100179
1 0.824809 0.503944 0.031712 0.097333
1 0.738514 0.419326 0.029883 0.077919
1 0.685152 0.394424 0.026834 0.077309
1 0.656794 0.373324 0.021345 0.065841
1 0.622337 0.354293 0.018296 0.056742
1 0.597638 0.349325 0.016466 0.035778
1 0.635754 0.325337 0.012197 0.026834
0 0.572799 0.295866 0.032797 0.058636