1 0.200302 0.886628 0.053667 0.206172
1 0.245584 0.431910 0.026834 0.098166
1 0.667710 0.908989 0.046959 0.179338
1 0.701672 0.534213 0.027672 0.105993
1 0.613624 0.451029 0.025995 0.093470
1 0.577147 0.386963 0.023479 0.076252
1 0.615720 0.359123 0.021802 0.035778
1 0.637908 0.252683 0.017677 0.047406
0 0.054208 0.473688 0.106775 0.228831
0 0.161263 0.407349 0.083855 0.115534
0 0.274467 0.318277 0.057581 0.090936
0 0.309127 0.306351 0.032983 0.076029
0 0.333725 0.280635 0.039691 0.069320
0 0.742826 0.448942 0.073233 0.088700
0 0.724378 0.404219 0.057581 0.082737
0 0.707327 0.342725 0.051431 0.081992
0 0.686643 0.296139 0.036896 0.055903
0 0.663163 0.240608 0.025716 0.041741
1 0.612299 0.416816 0.001342 0.000000
1 0.436538 0.298748 0.001342 0.000000