0 0.521995 0.873638 0.162221 0.247195
0 0.525854 0.495013 0.054945 0.065586
0 0.179370 0.612957 0.148543 0.231280
0 0.273288 0.575262 0.046959 0.125224
0 0.315455 0.517122 0.062292 0.088168
0 0.379845 0.431265 0.074155 0.098881
0 0.420394 0.547789 0.134168 0.226169
1 0.955983 0.734141 0.053151 0.103206
0 0.954558 0.537373 0.090884 0.072334
0 0.876449 0.448316 0.128335 0.136890
0 0.808781 0.416427 0.070001 0.107335
0 0.741697 0.381815 0.039667 0.039667
0 0.669946 0.333593 0.019834 0.019445
0 0.619779 0.303259 0.023334 0.031889
0 0.724780 0.515984 0.060667 0.063778
0 0.460662 0.365367 0.024150 0.024329
0 0.476494 0.347478 0.022540 0.025760
0 0.434633 0.396494 0.027907 0.036494
1 0.976726 0.670698 0.040250 0.111199