0 0.770285 0.610401 0.198377 0.282392
0 0.484698 0.283286 0.058459 0.080501
0 0.385510 0.292870 0.057501 0.061334
0 0.454275 0.253882 0.042934 0.041503
0 0.492916 0.233131 0.036494 0.045796
0 0.566172 0.202004 0.025224 0.029338
0 0.888685 0.301431 0.071109 0.066190
1 0.418803 0.710197 0.052177 0.117273
1 0.334576 0.577221 0.050686 0.134764
1 0.288342 0.478652 0.033095 0.109362
1 0.882440 0.453244 0.033542 0.101480
1 0.832127 0.407871 0.031712 0.093023
1 0.788413 0.416734 0.028883 0.096438
1 0.732111 0.427956 0.036591 0.090259
0 0.688811 0.156367 0.029273 0.034965
1 0.419648 0.629249 0.050313 0.086464
1 0.196594 0.697302 0.045841 0.168903
1 0.056336 0.653548 0.042606 0.145498
1 0.117889 0.314848 0.026834 0.064401
1 0.188327 0.305903 0.020125 0.064401
1 0.267487 0.361360 0.001342 0.000000