0 0.352344 0.353074 0.072733 0.073439
0 0.482982 0.378495 0.081207 0.112984
0 0.486159 0.254213 0.042369 0.056492
0 0.448027 0.305998 0.056492 0.062141
0 0.825609 0.263305 0.049475 0.057021
0 0.567927 0.205036 0.020125 0.026146
0 0.432469 0.126600 0.030962 0.019265
1 0.207021 0.706261 0.060555 0.160286
1 0.046691 0.388730 0.027013 0.090519
1 0.129539 0.392308 0.025984 0.090519
1 0.885713 0.706944 0.057326 0.190275
1 0.869247 0.578224 0.041470 0.122459
0 0.679114 0.157343 0.027443 0.026834
0 0.646512 0.386404 0.088551 0.150268
1 0.780680 0.363148 0.029517 0.067979