0 0.700179 0.490161 0.147585 0.214669
0 0.482228 0.317026 0.064167 0.093334
0 0.371976 0.319748 0.060667 0.061445
0 0.453936 0.274247 0.046084 0.054445
0 0.492144 0.241969 0.039667 0.047445
0 0.567687 0.205413 0.022750 0.028778
0 0.858304 0.289058 0.064848 0.058140
1 0.301506 0.752832 0.062612 0.185450
1 0.114229 0.886106 0.074911 0.223017
1 0.266287 0.561419 0.041369 0.138939
1 0.894082 0.627162 0.000000 0.001491
0 0.686533 0.159055 0.027228 0.032095
1 0.160823 0.805009 0.002683 0.000000
1 0.166190 0.287120 0.002683 0.005367
1 0.166860 0.341682 0.022809 0.064401
1 0.092397 0.343470 0.026834 0.064401
1 0.133318 0.426655 0.001342 0.001789
1 0.834347 0.409660 0.026834 0.082290