0 0.618336 0.334526 0.085868 0.139535
0 0.485510 0.437388 0.091234 0.144902
0 0.341433 0.382330 0.074538 0.084476
0 0.443923 0.327668 0.063357 0.074538
0 0.480819 0.257603 0.049195 0.059630
0 0.805140 0.240345 0.049721 0.050510
0 0.568053 0.196064 0.018336 0.023852
0 0.676058 0.148360 0.026834 0.029815
1 0.854204 0.844296 0.070180 0.196642
1 0.800021 0.577955 0.054699 0.104582
1 0.799505 0.465736 0.043347 0.097840
1 0.093957 0.432255 0.030334 0.102434
1 0.010811 0.418216 0.021622 0.099401
1 0.123415 0.319904 0.023917 0.067356
1 0.135331 0.870304 0.061717 0.216458