0 0.742432 0.442686 0.065020 0.097702
0 0.725919 0.400028 0.062956 0.083941
0 0.706309 0.336728 0.050571 0.081189
0 0.686700 0.289941 0.034058 0.059172
0 0.662963 0.232833 0.025802 0.038530
0 0.275423 0.314710 0.053667 0.089445
0 0.332187 0.271364 0.037154 0.060548
0 0.160348 0.404844 0.077405 0.107335
0 0.050224 0.475850 0.100447 0.214669
1 0.592173 0.618962 0.030859 0.135957
1 0.166093 0.513119 0.029323 0.082886
1 0.405680 0.353309 0.014758 0.073345
1 0.340362 0.352147 0.022138 0.078175
1 0.641145 0.401610 0.021467 0.080501