0 0.743113 0.421288 0.069767 0.091234
0 0.725000 0.378354 0.063059 0.091234
0 0.705546 0.314848 0.048301 0.089445
0 0.684750 0.268336 0.036225 0.057245
0 0.661941 0.211091 0.028175 0.042934
0 0.052236 0.453488 0.104472 0.216458
0 0.157469 0.382349 0.081843 0.086822
0 0.385391 0.289445 0.048301 0.082290
0 0.456052 0.258438 0.042934 0.053667
0 0.477519 0.182707 0.032200 0.045319
0 0.273137 0.291831 0.056351 0.084675
0 0.311151 0.279905 0.016100 0.060823
0 0.329934 0.252475 0.033989 0.056052
0 0.346482 0.234586 0.031306 0.058438
1 0.803488 0.727191 0.037567 0.159213
1 0.108497 0.573345 0.034884 0.141324
1 0.231261 0.619857 0.033542 0.159213
1 0.643157 0.432916 0.028175 0.096601
1 0.221199 0.774597 0.040250 0.182469
1 0.179606 0.441860 0.024150 0.067979