0 0.470751 0.847048 0.257603 0.305903
0 0.722987 0.297853 0.115385 0.105546
0 0.633924 0.082940 0.040250 0.045536
0 0.557997 0.081314 0.029883 0.042283
0 0.255982 0.038014 0.057021 0.055903
1 0.195606 0.491950 0.057021 0.168157
1 0.276526 0.394343 0.046120 0.155411
1 0.323066 0.296288 0.041928 0.134615
1 0.868590 0.479278 0.049195 0.126714
1 0.870826 0.292487 0.035778 0.112701
1 0.780821 0.197078 0.023479 0.082886
1 0.409705 0.271020 0.033542 0.105546
1 0.046632 0.164098 0.025286 0.081327
1 0.096429 0.168501 0.029930 0.079400
1 0.171770 0.116348 0.024770 0.052979
1 0.205098 0.435599 0.000000 0.001789