0 0.693470 0.240608 0.096601 0.087657
0 0.237688 0.062086 0.056035 0.061033
0 0.554434 0.099029 0.038334 0.044723
0 0.631341 0.089126 0.037855 0.045362
0 0.188570 0.169307 0.079543 0.077945
1 0.072272 0.805903 0.069767 0.255814
1 0.236205 0.573414 0.061924 0.202284
1 0.388434 0.404087 0.040250 0.139122
1 0.794551 0.340856 0.030962 0.116417
1 0.345304 0.228774 0.033542 0.081877
1 0.850282 0.054355 0.014449 0.028898
1 0.895693 0.057796 0.014449 0.033026
1 0.050805 0.215564 0.026834 0.084079
1 0.136673 0.143113 0.016100 0.064401
1 0.278632 0.416816 0.047784 0.164580
1 0.242665 0.523256 0.000000 0.001789
1 0.276878 0.389982 0.001342 0.000000