0 0.653220 0.702147 0.209302 0.227191
0 0.943336 0.392665 0.113327 0.166369
0 0.828980 0.240608 0.107335 0.098390
0 0.343258 0.054562 0.033223 0.066190
0 0.544190 0.024704 0.050473 0.049408
1 0.028798 0.261803 0.032084 0.115735
1 0.085090 0.212413 0.028000 0.088512
1 0.171578 0.195380 0.024193 0.075912
1 0.247842 0.094112 0.010500 0.026445
1 0.216503 0.221825 0.001342 0.003578
1 0.099106 0.303220 0.000000 0.001789
1 0.531127 0.173524 0.026834 0.082290
1 0.451297 0.163685 0.022809 0.073345
1 0.527773 0.256708 0.001342 0.001789