1 0.543202 0.684258 0.067084 0.245081
1 0.486851 0.425760 0.042934 0.143113
1 0.391592 0.376565 0.040250 0.141324
1 0.666637 0.344365 0.034884 0.127013
1 0.602236 0.248658 0.032200 0.103757
1 0.986628 0.114490 0.017442 0.039356
0 0.898748 0.115385 0.064401 0.069767
0 0.757200 0.107335 0.052326 0.064401
1 0.538506 0.304114 0.038909 0.114490
1 0.753175 0.382826 0.001342 0.000000
1 0.695483 0.431127 0.049642 0.146691
1 0.550581 0.189624 0.030859 0.078712
1 0.719633 0.180680 0.001342 0.000000
1 0.763909 0.250447 0.001342 0.003578