0 0.248703 0.606440 0.130143 0.139535
0 0.869902 0.437388 0.092576 0.094812
0 0.844410 0.397138 0.084526 0.107335
0 0.816234 0.322004 0.063059 0.078712
0 0.788059 0.274597 0.049642 0.055456
0 0.758542 0.216458 0.041592 0.042934
0 0.053488 0.391771 0.099284 0.114490
0 0.212478 0.298748 0.071109 0.089445
0 0.288283 0.252236 0.059034 0.060823
1 0.632424 0.762075 0.060376 0.168157
1 0.692129 0.478533 0.029517 0.109123
1 0.640474 0.432021 0.033542 0.101968
0 0.606932 0.208408 0.044275 0.066190
1 0.315787 0.481216 0.028175 0.107335
1 0.297674 0.422182 0.026834 0.107335
1 0.250716 0.433810 0.037567 0.105546
1 0.174911 0.497317 0.033542 0.135957
1 0.018694 0.576923 0.037388 0.144902
1 0.747138 0.521467 0.000000 0.001789
1 0.026655 0.516100 0.008050 0.008945