0 0.675358 0.423077 0.079159 0.080501
0 0.657916 0.323792 0.060376 0.075134
0 0.203757 0.419499 0.088551 0.101968
0 0.470080 0.330948 0.068426 0.075134
0 0.635107 0.228980 0.036225 0.042934
0 0.123256 0.312165 0.072451 0.076923
0 0.204428 0.267442 0.046959 0.044723
1 0.516154 0.403578 0.029088 0.084436
1 0.385259 0.252236 0.041860 0.042218
1 0.045694 0.481031 0.023595 0.065388
1 0.215024 0.307075 0.017118 0.034544
1 0.588819 0.345259 0.029517 0.089445
1 0.498256 0.224508 0.036225 0.059034
1 0.115877 0.389982 0.028175 0.075134