0 0.280903 0.705725 0.264311 0.406082
0 0.675708 0.412501 0.078133 0.088393
0 0.665842 0.368305 0.075766 0.077870
0 0.657950 0.305693 0.056824 0.066295
0 0.652031 0.262549 0.044986 0.043144
0 0.509971 0.183100 0.032358 0.048406
0 0.333579 0.288330 0.058403 0.054720
0 0.063551 0.567979 0.124776 0.148479
0 0.122132 0.293070 0.067084 0.080890
0 0.204091 0.253014 0.057167 0.045889
1 0.226990 0.373435 0.026163 0.084973
1 0.372563 0.226297 0.016771 0.026834
0 0.496243 0.255814 0.053667 0.060823
0 0.874597 0.676208 0.002683 0.000000