0 0.318470 0.602862 0.213327 0.336315
0 0.677370 0.403399 0.077818 0.084079
0 0.656574 0.300537 0.055009 0.064401
0 0.039990 0.646541 0.072674 0.180382
0 0.314475 0.299195 0.067084 0.067084
0 0.504547 0.232111 0.051431 0.055158
0 0.514361 0.171437 0.032797 0.044723
0 0.652256 0.251441 0.046213 0.033790
0 0.126703 0.285537 0.075341 0.072932
0 0.207720 0.243567 0.047475 0.052291
1 0.188627 0.401404 0.025802 0.094399
1 0.619694 0.890795 0.075622 0.204098
1 0.849000 0.943161 0.082940 0.113677
0 0.629070 0.864043 0.002683 0.000000
0 0.727683 0.858676 0.004025 0.000000