0 0.686091 0.579606 0.138193 0.221825
0 0.611854 0.346201 0.050843 0.061200
0 0.373529 0.405988 0.075558 0.135580
0 0.579724 0.255343 0.031777 0.033895
0 0.605852 0.301478 0.040250 0.047077
0 0.181313 0.657275 0.186717 0.311568
0 0.483309 0.263327 0.034884 0.037209
1 0.395564 0.714204 0.046154 0.103757
1 0.497263 0.580000 0.032737 0.118855
1 0.434472 0.523292 0.027370 0.109195
1 0.983354 0.469481 0.026995 0.087442
1 0.910367 0.409911 0.020555 0.072057
0 0.877442 0.314633 0.049911 0.055098
0 0.972129 0.352916 0.055742 0.145975
0 0.715098 0.294597 0.036494 0.039356
0 0.770912 0.248801 0.027907 0.027907
0 0.321825 0.508945 0.077818 0.105546
1 0.596199 0.406082 0.001342 0.000000
1 0.973882 0.596601 0.000000 0.001789