0 0.485510 0.664580 0.179785 0.298748
0 0.673345 0.620751 0.120751 0.161002
0 0.178936 0.648479 0.181127 0.327370
0 0.322496 0.492844 0.079159 0.109123
0 0.370125 0.384615 0.072451 0.139535
0 0.535536 0.356664 0.060935 0.078265
0 0.600384 0.257901 0.039691 0.061121
0 0.552586 0.219514 0.025716 0.029070
0 0.481030 0.241875 0.029070 0.035033
0 0.465377 0.269454 0.024597 0.030561
0 0.555941 0.189326 0.020125 0.023852
0 0.590880 0.211315 0.025157 0.030561
0 0.877281 0.288909 0.050984 0.044723
0 0.771959 0.228086 0.030859 0.026834
0 0.972853 0.337209 0.054293 0.152057
1 0.321825 0.913238 0.069767 0.173524
1 0.501099 0.435152 0.036337 0.074240
1 0.810868 0.829159 0.001342 0.001789
1 0.506306 0.898927 0.001342 0.001789