0 0.686091 0.586762 0.143560 0.232558
0 0.181619 0.661896 0.183810 0.325581
0 0.612546 0.348448 0.053667 0.063778
0 0.606421 0.296337 0.036750 0.046667
0 0.579004 0.255503 0.033250 0.035000
0 0.480419 0.265614 0.032084 0.036556
0 0.323501 0.514895 0.077584 0.110446
0 0.371335 0.406393 0.074084 0.133001
0 0.464086 0.289725 0.030917 0.035000
0 0.711713 0.293225 0.037334 0.038889
0 0.877244 0.313390 0.052177 0.050354
0 0.771401 0.251441 0.031306 0.028490
0 0.970878 0.359360 0.058244 0.158897
1 0.395612 0.697622 0.047353 0.139430
1 0.494660 0.584710 0.032358 0.121120
1 0.434679 0.527202 0.022888 0.109860
1 0.976087 0.463222 0.029201 0.082500
0 0.268828 0.590340 0.092576 0.175313
1 0.982603 0.554562 0.001342 0.000000