0 0.658834 0.536260 0.093918 0.130728
0 0.631511 0.385352 0.051300 0.084184
0 0.588104 0.302220 0.035515 0.046301
0 0.210065 0.660528 0.119173 0.291487
0 0.274387 0.597916 0.078922 0.174682
0 0.320557 0.516363 0.076555 0.097864
0 0.371462 0.411133 0.071030 0.133642
1 0.542427 0.696303 0.049195 0.154681
1 0.463655 0.663208 0.043709 0.145736
1 0.276542 0.967644 0.056001 0.061445
1 0.281395 0.924508 0.059034 0.150984
0 0.481589 0.270647 0.025716 0.029070
0 0.465098 0.297481 0.027393 0.035033
1 0.294320 0.869410 0.001342 0.000000
1 0.784034 0.820215 0.001342 0.001789