1 0.115206 0.851521 0.061717 0.203936
1 0.267487 0.615385 0.044275 0.153846
1 0.130635 0.647585 0.041592 0.150268
1 0.030680 0.731664 0.048301 0.168157
1 0.141368 0.491950 0.041592 0.110912
1 0.792755 0.574240 0.037567 0.118068
1 0.851789 0.533989 0.037567 0.101968
1 0.585465 0.407871 0.033542 0.085868
1 0.370125 0.332737 0.029517 0.071556
1 0.439893 0.362254 0.000000 0.001789
1 0.328533 0.335420 0.021467 0.073345
0 0.053578 0.397138 0.107156 0.085868
0 0.214490 0.303220 0.072451 0.073345
0 0.869902 0.436494 0.095259 0.085868
0 0.815563 0.317531 0.064401 0.062612
0 0.622361 0.226297 0.037567 0.044723
0 0.712254 0.409660 0.000000 0.003578
0 0.290966 0.257603 0.042934 0.057245
0 0.612970 0.178891 0.032200 0.035778
0 0.579428 0.152057 0.034884 0.035778
1 0.439222 0.276386 0.022809 0.059034
1 0.628399 0.344365 0.020125 0.066190