1 0.340608 0.563506 0.037567 0.139535
1 0.241995 0.490161 0.044275 0.128801
1 0.331216 0.498211 0.037567 0.109123
1 0.567352 0.505367 0.005367 0.001789
1 0.318470 0.324687 0.020125 0.084079
1 0.362075 0.422182 0.002683 0.000000
1 0.846422 0.345259 0.026834 0.075134
1 0.930948 0.415921 0.002683 0.001789
0 0.415742 0.362254 0.083184 0.084079
0 0.427147 0.283542 0.065742 0.059034
0 0.527102 0.251342 0.053667 0.073345
0 0.448614 0.200358 0.057692 0.050089
0 0.794767 0.268336 0.065742 0.064401
0 0.280903 0.731664 0.162343 0.218247