1 0.255411 0.723614 0.063059 0.184258
1 0.382200 0.750447 0.000000 0.001789
1 0.347317 0.645796 0.048301 0.161002
1 0.173569 0.583184 0.052326 0.143113
1 0.473435 0.587657 0.000000 0.001789
0 0.790072 0.295170 0.056351 0.057245
0 0.727012 0.241503 0.048301 0.042934
0 0.770617 0.372987 0.001342 0.001789
0 0.764580 0.270125 0.042934 0.046512
0 0.805501 0.198569 0.001342 0.010733
0 0.838372 0.183363 0.002683 0.001789
1 0.374150 0.532200 0.048301 0.116279
1 0.346646 0.439177 0.038909 0.105546
1 0.454651 0.406082 0.000000 0.003578