1 0.678712 0.806798 0.061717 0.182469
1 0.910823 0.893560 0.080501 0.198569
1 0.603578 0.550089 0.034884 0.127013
1 0.562657 0.466011 0.022809 0.091234
1 0.631082 0.457961 0.028175 0.093023
0 0.801476 0.498211 0.097943 0.091234
0 0.732379 0.377460 0.136852 0.189624
0 0.490877 0.331843 0.061717 0.087657
0 0.511002 0.467800 0.002683 0.001789
0 0.268157 0.385510 0.088551 0.166369
0 0.135331 0.327370 0.053667 0.053667
0 0.179606 0.303220 0.037567 0.044723
0 0.340608 0.287120 0.045617 0.033989
0 0.486851 0.211986 0.026834 0.030411
0 0.525760 0.208408 0.024150 0.019678