1 0.240653 0.578712 0.046959 0.162791
1 0.047451 0.715564 0.060376 0.207513
1 0.804159 0.803220 0.065742 0.182469
1 0.798792 0.667263 0.055009 0.146691
1 0.722987 0.560823 0.037567 0.130590
1 0.370796 0.388193 0.033542 0.082290
1 0.237970 0.391771 0.030859 0.103757
1 0.307066 0.389982 0.021467 0.096601
0 0.872585 0.437388 0.092576 0.094812
0 0.814893 0.321109 0.068426 0.080501
0 0.849106 0.394454 0.093918 0.091234
0 0.206440 0.293381 0.061717 0.067979
0 0.288953 0.250447 0.055009 0.050089
0 0.621690 0.177102 0.036225 0.032200
0 0.755188 0.214669 0.045617 0.035778
0 0.716279 0.312165 0.000000 0.001789
0 0.054249 0.390877 0.108497 0.112701
1 0.035376 0.480322 0.038909 0.123435