1 0.615653 0.621646 0.042934 0.130590
1 0.692800 0.520572 0.041592 0.107335
1 0.568023 0.410555 0.025492 0.076923
1 0.253399 0.452594 0.032200 0.093023
0 0.791413 0.480322 0.099284 0.091234
0 0.244007 0.377460 0.072451 0.064401
0 0.482156 0.263864 0.044275 0.059034
0 0.727683 0.366726 0.135510 0.193202
0 0.625716 0.262075 0.030859 0.051878
0 0.672004 0.308587 0.083184 0.137746
0 0.641145 0.147585 0.002683 0.001789
0 0.130635 0.315742 0.055009 0.055456
0 0.239311 0.244186 0.038909 0.037567
0 0.373479 0.145796 0.028175 0.037567
0 0.448614 0.404293 0.001342 0.000000