0 0.444589 0.620751 0.116726 0.157424
0 0.773301 0.536673 0.111360 0.100179
0 0.776655 0.689624 0.002683 0.016100
0 0.699508 0.420394 0.151610 0.196780
0 0.765921 0.632379 0.000000 0.001789
0 0.083005 0.373882 0.061717 0.046512
0 0.123927 0.347048 0.044275 0.042934
0 0.233945 0.432916 0.001342 0.000000
0 0.234615 0.274597 0.032200 0.030411
0 0.192352 0.297853 0.030859 0.030411
0 0.228578 0.361360 0.004025 0.000000
0 0.455322 0.379249 0.057692 0.046512
0 0.452639 0.310376 0.036225 0.044723
0 0.553995 0.256530 0.031306 0.023614
0 0.555784 0.298390 0.000894 0.000000
0 0.558467 0.316875 0.002683 0.001193
1 0.681455 0.592367 0.044723 0.115683
1 0.594693 0.516041 0.026834 0.094216
1 0.525373 0.489207 0.027728 0.085868