1 0.250716 0.413238 0.026834 0.085868
1 0.174911 0.452594 0.025492 0.107335
1 0.619678 0.511628 0.029517 0.114490
1 0.688104 0.634168 0.000000 0.001789
0 0.759884 0.604651 0.103309 0.128801
0 0.700179 0.442755 0.126118 0.237925
0 0.918873 0.669946 0.000000 0.001789
0 0.451297 0.420394 0.055009 0.093023
0 0.561315 0.252236 0.020125 0.032200
0 0.598256 0.328265 0.026744 0.066190
0 0.528444 0.414132 0.000000 0.001789
0 0.309992 0.289931 0.069001 0.129057
0 0.121199 0.400460 0.053667 0.061334
0 0.160908 0.367385 0.043781 0.054609
0 0.227286 0.304303 0.033895 0.041427
0 0.263299 0.274174 0.028246 0.048960
1 0.549289 0.439412 0.015535 0.080030
1 0.217399 0.375859 0.018360 0.069673
0 0.184211 0.340081 0.038132 0.064024
1 0.529164 0.399868 0.017654 0.080030
1 0.491032 0.607476 0.000706 0.000000