0 0.695483 0.450805 0.127460 0.264758
1 0.674687 0.584079 0.037567 0.123435
1 0.596869 0.693202 0.042934 0.148479
1 0.586136 0.570662 0.032200 0.103757
1 0.507648 0.556351 0.028175 0.128801
1 0.552594 0.474061 0.026834 0.103757
1 0.521735 0.490161 0.029517 0.085868
1 0.542531 0.319320 0.012075 0.059034
1 0.520394 0.302326 0.013417 0.050089
1 0.161494 0.456172 0.017442 0.082290
1 0.096422 0.503578 0.024150 0.098390
0 0.238640 0.356887 0.099284 0.184258
0 0.451297 0.301431 0.036225 0.066190
0 0.553265 0.252236 0.030859 0.039356
0 0.757200 0.603757 0.097943 0.130590