0 0.698837 0.451699 0.118068 0.252236
0 0.765250 0.606440 0.103309 0.132379
0 0.816234 0.618962 0.001342 0.000000
1 0.621020 0.511628 0.026834 0.107335
1 0.549240 0.438283 0.014758 0.082290
1 0.527102 0.397138 0.021467 0.085868
0 0.450626 0.419499 0.056351 0.101968
1 0.251386 0.417710 0.025492 0.084079
1 0.513014 0.314848 0.014758 0.057245
1 0.175581 0.463327 0.026834 0.089445
1 0.216503 0.381932 0.014758 0.073345
0 0.123927 0.396243 0.055009 0.073345
0 0.311762 0.288909 0.068426 0.141324
0 0.598882 0.326476 0.038909 0.059034
0 0.560644 0.247764 0.024150 0.048301
0 0.227236 0.307692 0.033542 0.050089
0 0.060868 0.417710 0.068426 0.144902
0 0.165519 0.364937 0.044275 0.057245