0 0.691458 0.449016 0.130143 0.264758
0 0.761896 0.609123 0.099284 0.123435
0 0.599553 0.326476 0.045617 0.062612
0 0.558631 0.248658 0.033542 0.032200
0 0.234615 0.349732 0.099284 0.180680
0 0.054830 0.411449 0.072451 0.143113
0 0.116547 0.400716 0.059034 0.078712
0 0.449284 0.298748 0.037567 0.057245
1 0.596199 0.696780 0.041592 0.141324
1 0.678712 0.588551 0.034884 0.125224
1 0.588148 0.572451 0.036225 0.103757
1 0.551252 0.481216 0.024150 0.100179
1 0.517710 0.485689 0.026834 0.091234
1 0.511002 0.564401 0.042934 0.116279
1 0.543058 0.318227 0.012671 0.053667
1 0.521069 0.300835 0.016398 0.056649
1 0.164889 0.452319 0.025802 0.089445
1 0.096773 0.503922 0.025802 0.101830
0 0.159729 0.364937 0.042315 0.066052