0 0.434526 0.699463 0.101968 0.168157
0 0.754554 0.608229 0.103236 0.128801
0 0.691458 0.458855 0.127460 0.273703
0 0.559973 0.522361 0.073792 0.121646
0 0.111181 0.401610 0.059034 0.076923
0 0.152773 0.379249 0.040250 0.064401
0 0.218515 0.310376 0.032200 0.041145
0 0.597540 0.328265 0.041592 0.055456
1 0.624013 0.553720 0.029991 0.122067
1 0.485899 0.561612 0.026834 0.104178
1 0.569557 0.436389 0.018941 0.062086
1 0.470115 0.378512 0.015784 0.068399
1 0.515890 0.348522 0.015784 0.063138
0 0.552194 0.256971 0.022098 0.035778
1 0.189143 0.468144 0.024770 0.090822
1 0.074584 0.536948 0.022705 0.090822
0 0.255195 0.278244 0.033026 0.044035