0 0.700850 0.419499 0.140877 0.202147
0 0.769275 0.554562 0.116726 0.100179
0 0.436538 0.508050 0.087209 0.110912
0 0.459576 0.364440 0.049940 0.052673
0 0.451376 0.306798 0.036524 0.040747
0 0.600452 0.328165 0.043977 0.045717
0 0.554239 0.266547 0.024597 0.031803
0 0.082046 0.391446 0.058546 0.053667
0 0.125346 0.365425 0.047569 0.053667
0 0.195271 0.309817 0.035219 0.032424
0 0.235521 0.286337 0.033542 0.032424
1 0.636641 0.526360 0.033147 0.086289
1 0.571530 0.469010 0.027623 0.083132
1 0.518257 0.440598 0.020520 0.068399
1 0.496948 0.387983 0.015784 0.059981
1 0.538777 0.360623 0.014206 0.049458
1 0.552194 0.364306 0.015784 0.054720
1 0.530885 0.391666 0.018941 0.052615
1 0.066190 0.474386 0.031712 0.079688
1 0.127785 0.412587 0.023174 0.069930
1 0.199138 0.395511 0.019515 0.061799
1 0.246097 0.345097 0.015856 0.048788
1 0.274760 0.355668 0.014637 0.050415