0 0.435868 0.500000 0.085868 0.105546
0 0.771288 0.550089 0.112701 0.091234
0 0.700179 0.426655 0.142218 0.209302
0 0.461219 0.363787 0.046001 0.052389
0 0.452115 0.304370 0.037375 0.040889
0 0.597098 0.329159 0.035778 0.045717
0 0.553121 0.268535 0.026834 0.025840
0 0.079847 0.393147 0.056763 0.050915
0 0.123710 0.363561 0.041283 0.049539
0 0.196986 0.312646 0.035090 0.044035
1 0.632695 0.518468 0.031569 0.093655
1 0.571530 0.467431 0.021309 0.075766
1 0.518652 0.435336 0.021309 0.064190
1 0.496948 0.382721 0.015784 0.062086
1 0.060868 0.474061 0.025492 0.075134
1 0.127281 0.421288 0.026834 0.066190
1 0.197195 0.391260 0.020125 0.058778
1 0.244007 0.346154 0.013417 0.051878
0 0.236695 0.287567 0.040250 0.035778