1 0.916860 0.906082 0.079159 0.187835
1 0.776655 0.740608 0.059034 0.171735
1 0.729696 0.401610 0.029517 0.094812
1 0.705546 0.347048 0.029517 0.071556
1 0.683408 0.313059 0.025492 0.075134
1 0.310420 0.453488 0.038909 0.105546
1 0.404338 0.338104 0.025492 0.078712
1 0.347317 0.343470 0.026834 0.075134
1 0.280903 0.351521 0.033542 0.094812
1 0.142039 0.568873 0.042934 0.143113
1 0.013327 0.669052 0.026654 0.157424
1 0.409034 0.237030 0.021467 0.059034
1 0.578086 0.249553 0.016100 0.062612
1 0.610286 0.241503 0.016100 0.057245
0 0.869902 0.433810 0.095259 0.105546
0 0.813551 0.324687 0.063059 0.087657
0 0.787388 0.272809 0.048301 0.059034
0 0.757200 0.212880 0.038909 0.050089
0 0.210078 0.295408 0.075134 0.079905
0 0.289237 0.253071 0.056351 0.059630
0 0.057896 0.391446 0.109774 0.095951
0 0.621402 0.182469 0.034152 0.042283
0 0.600667 0.148317 0.034152 0.035778