1 0.040742 0.779964 0.065742 0.193202
1 0.199732 0.576029 0.032200 0.125224
1 0.158810 0.545617 0.033542 0.121646
1 0.345975 0.457961 0.029517 0.082290
1 0.269499 0.464222 0.024150 0.094812
1 0.410376 0.422182 0.026834 0.078712
1 0.352012 0.369410 0.017442 0.066190
1 0.306395 0.423971 0.028175 0.078712
1 0.902102 0.580501 0.044275 0.119857
1 0.988953 0.583184 0.022093 0.114490
1 0.920885 0.499106 0.038909 0.082290
1 0.709571 0.368515 0.021467 0.057245
0 0.821601 0.328265 0.055009 0.076923
0 0.278220 0.240608 0.046959 0.044723
1 0.614982 0.323792 0.014758 0.053667