0 0.246690 0.337209 0.091234 0.091234
0 0.159481 0.341682 0.059034 0.067979
0 0.380859 0.364043 0.059034 0.116279
0 0.411717 0.340787 0.048301 0.084079
0 0.818918 0.349732 0.057692 0.084079
1 0.816905 0.483005 0.032200 0.100179
1 0.596199 0.393560 0.028175 0.078712
1 0.244007 0.422182 0.024150 0.078712
1 0.218515 0.393560 0.018784 0.078712
1 0.176252 0.499106 0.033542 0.118068
1 0.215832 0.686047 0.042934 0.162791
1 0.101118 0.654741 0.055009 0.143113
1 0.100447 0.749553 0.056351 0.171735
1 0.687433 0.369410 0.022809 0.073345
1 0.652549 0.359571 0.022809 0.060823