0 0.310420 0.720930 0.154293 0.211091
0 0.091055 0.653846 0.179785 0.273703
0 0.219857 0.491055 0.099284 0.112701
0 0.822272 0.376565 0.056351 0.087657
1 0.731038 0.525939 0.032200 0.100179
1 0.760336 0.398728 0.023852 0.063606
1 0.726421 0.399722 0.023107 0.065593
1 0.689152 0.386305 0.020125 0.062612
1 0.654492 0.387299 0.020871 0.052673
1 0.290921 0.412471 0.023959 0.061334
1 0.087030 0.503578 0.032200 0.048301
1 0.247361 0.413238 0.028175 0.039356
1 0.186315 0.413238 0.016100 0.046512
1 0.592844 0.371199 0.018784 0.051878