0 0.831664 0.725403 0.166369 0.184258
0 0.614982 0.550089 0.103309 0.112701
0 0.743784 0.508050 0.111360 0.150268
0 0.923211 0.488372 0.153578 0.254025
0 0.571377 0.391771 0.050984 0.103757
0 0.757871 0.374776 0.053667 0.059034
0 0.706216 0.345259 0.041592 0.042934
0 0.407021 0.354204 0.057692 0.085868
0 0.292979 0.319320 0.038909 0.041145
0 0.254864 0.352897 0.043182 0.041971
0 0.042174 0.500000 0.084347 0.180680
0 0.100447 0.462433 0.080501 0.159213
0 0.158810 0.436494 0.055009 0.064401
0 0.196377 0.409660 0.055009 0.060823
1 0.217844 0.909660 0.079159 0.180680
1 0.163506 0.583184 0.029517 0.110912
1 0.314445 0.400716 0.017442 0.060823
1 0.771243 0.593790 0.025875 0.080501
1 0.660555 0.376565 0.019167 0.062612
1 0.346218 0.369537 0.013417 0.051112
1 0.624137 0.347176 0.015334 0.047278
0 0.668700 0.298620 0.035459 0.029389