0 0.308408 0.544723 0.115385 0.180680
0 0.913148 0.503578 0.173703 0.255814
0 0.825626 0.446333 0.114043 0.187835
0 0.643828 0.441860 0.067084 0.085868
0 0.555948 0.416816 0.060376 0.067979
0 0.533810 0.337209 0.040250 0.076923
0 0.616324 0.377460 0.060376 0.082290
0 0.684750 0.354204 0.036225 0.042934
0 0.733050 0.385510 0.060376 0.051878
0 0.647853 0.311270 0.026834 0.028623
0 0.034034 0.521467 0.063059 0.177102
0 0.069589 0.481216 0.093918 0.153846
0 0.141368 0.459750 0.057692 0.064401
0 0.174240 0.424866 0.045617 0.044723
0 0.191682 0.396243 0.048301 0.051878
0 0.233945 0.364043 0.036225 0.044723
0 0.273524 0.330948 0.040250 0.046512
1 0.100447 0.711986 0.048301 0.146691
1 0.073614 0.645796 0.037567 0.132379
1 0.221199 0.500000 0.029517 0.073345
1 0.338596 0.399821 0.022809 0.059034
1 0.728354 0.573345 0.037567 0.098390
1 0.718962 0.461538 0.024150 0.082290
1 0.753846 0.527728 0.024150 0.103757