0 0.486851 0.653846 0.101968 0.127013
0 0.919186 0.464222 0.161628 0.187835
0 0.830322 0.425760 0.096601 0.143113
0 0.738417 0.376565 0.049642 0.044723
0 0.179606 0.567979 0.080501 0.087657
0 0.245349 0.467800 0.067084 0.116279
0 0.439554 0.348084 0.033895 0.032954
0 0.385533 0.333490 0.030364 0.032012
0 0.363996 0.358912 0.029658 0.030129
0 0.575487 0.333490 0.027540 0.052726
0 0.615032 0.336315 0.033189 0.048960
0 0.655635 0.320309 0.025421 0.024480
0 0.489337 0.320309 0.020478 0.026363
0 0.452264 0.321250 0.025421 0.022597
0 0.048882 0.700358 0.097764 0.305903
0 0.125268 0.632379 0.079159 0.159213
1 0.158140 0.762075 0.040250 0.128801
1 0.299687 0.623435 0.036225 0.098390
1 0.370796 0.546512 0.022809 0.084079
1 0.392697 0.474316 0.023959 0.063890
1 0.418573 0.380399 0.018209 0.042167
1 0.714701 0.426399 0.022042 0.052389
1 0.662471 0.387427 0.015334 0.046001