1 0.207782 0.920394 0.072451 0.159212
1 0.358050 0.476744 0.026834 0.084079
1 0.413730 0.489267 0.025492 0.091234
1 0.466726 0.361360 0.021467 0.050089
1 0.873307 0.512011 0.032584 0.088168
1 0.675409 0.320342 0.016292 0.044723
1 0.646179 0.294787 0.013417 0.037056
0 0.044767 0.674419 0.079159 0.196780
0 0.110510 0.588551 0.095259 0.107335
0 0.189669 0.464222 0.095259 0.137746
0 0.412478 0.372898 0.046959 0.050984
0 0.428242 0.328175 0.034213 0.034884
0 0.481574 0.328623 0.038909 0.041145
0 0.484928 0.291503 0.029517 0.029517
0 0.438640 0.293292 0.026834 0.029517
0 0.332506 0.333542 0.031917 0.042039
0 0.356127 0.302683 0.032200 0.041145
0 0.288648 0.384168 0.048077 0.049195
0 0.790832 0.357066 0.056351 0.060823
0 0.687858 0.285957 0.031530 0.031306
0 0.912925 0.391950 0.123435 0.132379
0 0.957133 0.455903 0.085733 0.213775