1 0.869231 0.568873 0.050984 0.114490
1 0.658219 0.415126 0.025343 0.092427
1 0.694370 0.387299 0.027579 0.084476
1 0.663437 0.333631 0.025343 0.068575
1 0.668282 0.268336 0.018634 0.063606
1 0.221869 0.634168 0.046959 0.141324
1 0.083005 0.646691 0.045617 0.155635
1 0.037388 0.574240 0.053667 0.157424
1 0.150089 0.471377 0.024150 0.105546
1 0.078309 0.505367 0.049642 0.112701
1 0.322496 0.316637 0.028175 0.067979
1 0.370796 0.259392 0.022809 0.064401
1 0.421109 0.227191 0.016100 0.050089
0 0.867889 0.430233 0.093918 0.080501
0 0.811538 0.316637 0.075134 0.089445
0 0.058855 0.386404 0.101968 0.107335
0 0.209794 0.293381 0.084526 0.096601
0 0.754630 0.212038 0.040250 0.045249
0 0.290172 0.248869 0.053667 0.062086
0 0.408950 0.177312 0.049721 0.034726