0 0.354696 0.506261 0.084526 0.085868
0 0.474776 0.417710 0.064401 0.062612
0 0.387567 0.406977 0.053667 0.062612
0 0.474483 0.349533 0.045468 0.048698
0 0.412244 0.351719 0.041741 0.038362
0 0.422679 0.319718 0.037269 0.040747
0 0.350378 0.304810 0.035778 0.034784
0 0.324289 0.336116 0.040250 0.037766
0 0.102490 0.590638 0.102862 0.116279
0 0.187463 0.466160 0.093918 0.141622
0 0.282499 0.385659 0.046959 0.055158
0 0.957424 0.456172 0.085152 0.239714
0 0.886002 0.406977 0.103309 0.166369
1 0.481485 0.587657 0.037567 0.105546
1 0.039401 0.673524 0.076476 0.191413
1 0.719633 0.452594 0.022809 0.067979
1 0.836259 0.482670 0.026834 0.077147
1 0.779657 0.427885 0.024318 0.068202
1 0.727247 0.378780 0.020125 0.054604
0 0.786365 0.356701 0.056183 0.056276