0 0.419767 0.665474 0.147585 0.193202
0 0.819589 0.451699 0.115385 0.123435
0 0.752504 0.311270 0.142218 0.228980
0 0.500282 0.185482 0.039544 0.073439
0 0.564542 0.075793 0.028246 0.048018
0 0.629508 0.133697 0.026834 0.030129
0 0.092986 0.248956 0.070438 0.056649
0 0.139945 0.226595 0.054785 0.041741
0 0.174605 0.195289 0.052549 0.044723
0 0.227735 0.171262 0.042443 0.033147
1 0.670662 0.518784 0.040250 0.125224
1 0.576744 0.391771 0.029517 0.110912
1 0.621690 0.284436 0.022809 0.060823
1 0.615385 0.217023 0.021184 0.053667