0 0.376163 0.686047 0.181127 0.363148
0 0.791413 0.548301 0.120751 0.109123
0 0.728354 0.409660 0.142218 0.236136
0 0.462701 0.390877 0.053667 0.073345
0 0.485510 0.244186 0.037567 0.066190
0 0.600733 0.234688 0.026834 0.029815
0 0.538121 0.175058 0.031945 0.050260
0 0.068385 0.356481 0.068304 0.058546
0 0.118393 0.328021 0.048788 0.050415
0 0.204993 0.277606 0.039031 0.037404
1 0.686762 0.893560 0.064401 0.202147
1 0.870572 0.959750 0.077818 0.080500
1 0.570036 0.840787 0.053667 0.200358
1 0.545640 0.440429 0.027504 0.085868
1 0.570125 0.376029 0.021467 0.064401
1 0.553690 0.316100 0.015429 0.059034
1 0.586561 0.296869 0.012746 0.043828
1 0.150960 0.364612 0.018296 0.065051