0 0.394275 0.701252 0.139535 0.282648
0 0.747138 0.474061 0.136852 0.211091
0 0.814893 0.604651 0.111360 0.100179
0 0.461360 0.418605 0.077818 0.132379
0 0.500939 0.339893 0.030859 0.028623
0 0.502281 0.272809 0.025492 0.037567
0 0.087030 0.422182 0.061717 0.057245
0 0.027326 0.436494 0.049642 0.121646
0 0.219186 0.340787 0.033542 0.026834
0 0.137343 0.392665 0.038909 0.048301
0 0.162835 0.372093 0.041592 0.046512
0 0.615653 0.292487 0.021467 0.023256
1 0.743113 0.709302 0.045617 0.134168
1 0.831664 0.898927 0.075134 0.194991
1 0.625716 0.691413 0.052326 0.134168
1 0.633095 0.546512 0.029517 0.098390
1 0.584123 0.427549 0.028175 0.060823
1 0.151447 0.454058 0.025614 0.065051
1 0.558119 0.397707 0.016466 0.060986
1 0.594101 0.346479 0.012807 0.043096
1 0.548971 0.309481 0.012807 0.043910