1 0.734392 0.871199 0.046959 0.186047
1 0.804830 0.936494 0.072451 0.127012
1 0.627728 0.546512 0.034884 0.084079
1 0.494231 0.540250 0.022809 0.085868
1 0.542531 0.440072 0.022809 0.067979
1 0.592844 0.442755 0.024150 0.062612
1 0.150089 0.465116 0.021467 0.078712
0 0.530456 0.783542 0.135510 0.161002
0 0.807513 0.611807 0.110018 0.114490
0 0.736404 0.474061 0.150268 0.232558
0 0.444589 0.514311 0.073792 0.080501
0 0.479451 0.372093 0.048724 0.101685
0 0.356581 0.331136 0.041663 0.078147
0 0.078309 0.433810 0.068426 0.059034
0 0.127311 0.407275 0.046959 0.053667
0 0.153585 0.380441 0.050313 0.053667
0 0.212284 0.358080 0.042487 0.038760
0 0.255525 0.324319 0.038672 0.037883
0 0.607519 0.305903 0.029201 0.028412
0 0.542802 0.247501 0.030780 0.050510
1 0.539848 0.534884 0.030859 0.089445
1 0.559599 0.358912 0.015535 0.052726
1 0.618562 0.414462 0.020478 0.062141
1 0.248190 0.387256 0.017889 0.054519
1 0.519082 0.483091 0.023000 0.075816