0 0.800134 0.616279 0.116726 0.109123
0 0.735733 0.475850 0.143560 0.232558
0 0.493560 0.633274 0.104651 0.107335
0 0.462701 0.443649 0.056351 0.064401
0 0.500268 0.337209 0.040250 0.080501
0 0.329748 0.361489 0.055786 0.085232
0 0.543102 0.245640 0.028511 0.048077
0 0.606412 0.302661 0.027672 0.030188
0 0.075885 0.436494 0.070438 0.055043
0 0.130315 0.406908 0.049539 0.048163
0 0.211332 0.353929 0.036122 0.033026
0 0.254890 0.325198 0.034568 0.040889
1 0.181316 0.441723 0.022189 0.070180
0 0.155515 0.384959 0.051087 0.058484
1 0.232661 0.420394 0.022705 0.056419
1 0.621690 0.805903 0.046959 0.159213
1 0.716279 0.711091 0.034884 0.137746
1 0.661270 0.673524 0.040250 0.119857
1 0.601990 0.489177 0.022138 0.076029
1 0.536583 0.485152 0.026834 0.078712
1 0.509079 0.458766 0.018784 0.070662
1 0.616749 0.396601 0.016771 0.059034
1 0.583542 0.400626 0.017442 0.056351
1 0.543962 0.395707 0.016100 0.060823
1 0.559727 0.327281 0.012746 0.045617
1 0.980903 0.760286 0.038193 0.135957