0 0.503623 0.655635 0.159660 0.330948
0 0.257424 0.635063 0.163685 0.214669
0 0.133989 0.457961 0.134168 0.211091
0 0.597540 0.312165 0.071109 0.101968
0 0.512380 0.305416 0.061595 0.078061
0 0.631912 0.242397 0.067694 0.111400
0 0.287865 0.391345 0.059417 0.086890
0 0.326838 0.350456 0.070917 0.064741
0 0.349199 0.318085 0.074751 0.073260
0 0.407019 0.282733 0.052389 0.053667
0 0.453659 0.238862 0.049834 0.056223
0 0.594855 0.169861 0.052389 0.086890
0 0.285750 0.757938 0.064568 0.197898
1 0.589306 0.471154 0.039412 0.105098
1 0.394343 0.612030 0.045282 0.152057
1 0.480294 0.422518 0.031026 0.095036
1 0.388473 0.490161 0.031865 0.127460
1 0.784034 0.225403 0.041592 0.085868
0 0.834347 0.426655 0.048301 0.098390
0 0.027415 0.628801 0.054830 0.152057