0 0.797734 0.616816 0.114490 0.112105
0 0.734675 0.476088 0.138640 0.233751
0 0.461752 0.433305 0.053084 0.064556
0 0.483044 0.338415 0.037334 0.039667
0 0.487419 0.279303 0.029750 0.049001
0 0.525920 0.285525 0.030917 0.053667
0 0.602046 0.301859 0.028000 0.027223
0 0.538462 0.245858 0.031500 0.050556
0 0.319531 0.340208 0.041040 0.043144
0 0.149448 0.521318 0.122987 0.180382
0 0.071355 0.434884 0.066413 0.071556
0 0.120997 0.406708 0.054338 0.056351
0 0.148502 0.379875 0.054338 0.052773
0 0.205859 0.351252 0.038909 0.038462
0 0.249463 0.322182 0.036225 0.041145
1 0.665189 0.597008 0.037811 0.099203
1 0.599325 0.614084 0.035372 0.100829
1 0.539559 0.593755 0.025614 0.095951
1 0.555847 0.550201 0.030188 0.088327
1 0.572199 0.473541 0.025995 0.069465
1 0.534884 0.458316 0.021802 0.066374
1 0.230743 0.385668 0.018152 0.055772
1 0.579580 0.379354 0.014995 0.045249
1 0.554720 0.386194 0.015784 0.048406
1 0.599311 0.356203 0.016574 0.051563