1 0.625045 0.755963 0.056351 0.169648
1 0.851789 0.916816 0.064401 0.166368
1 0.848435 0.648479 0.057692 0.166369
1 0.724329 0.693202 0.069767 0.159213
1 0.764580 0.441860 0.040250 0.093023
1 0.647182 0.333631 0.020125 0.076923
1 0.035376 0.648479 0.046959 0.155635
1 0.042084 0.458855 0.028175 0.091234
1 0.274866 0.379249 0.029517 0.093023
1 0.155456 0.380143 0.024150 0.080501
1 0.338824 0.292387 0.020125 0.063606
0 0.867248 0.433363 0.087209 0.096899
0 0.846005 0.388640 0.091682 0.090936
0 0.814140 0.319320 0.070438 0.086464
0 0.056649 0.389386 0.093918 0.107335
0 0.210942 0.295468 0.073792 0.083482
0 0.288648 0.251491 0.048077 0.052177
0 0.785629 0.267144 0.051431 0.050686
0 0.433438 0.188134 0.042487 0.041741
1 0.689475 0.321556 0.022361 0.076029
1 0.684444 0.232856 0.016771 0.047704
1 0.397660 0.247764 0.022361 0.053667
1 0.486270 0.200089 0.016100 0.045617