0 0.065653 0.706619 0.131306 0.153846
0 0.493560 0.492844 0.088551 0.073345
0 0.491547 0.416816 0.073792 0.060823
0 0.497585 0.369410 0.048301 0.041145
0 0.561986 0.247764 0.059034 0.087657
0 0.660599 0.322004 0.041592 0.035778
0 0.762567 0.446333 0.068426 0.076923
0 0.915832 0.615385 0.168336 0.379249
0 0.631082 0.676208 0.143560 0.228980
1 0.594186 0.847943 0.059034 0.157424
1 0.920215 0.876565 0.069767 0.178891
1 0.826968 0.883721 0.052326 0.171735
1 0.784034 0.731664 0.052326 0.114490
1 0.696825 0.561717 0.038909 0.110912
0 0.248092 0.451640 0.079606 0.079905
0 0.108497 0.370304 0.059034 0.064401
0 0.041413 0.419499 0.059034 0.059034
0 0.290295 0.399821 0.060376 0.066190
0 0.224987 0.367621 0.054626 0.067723