0 0.680054 0.704830 0.163685 0.250447
0 0.512343 0.444544 0.072451 0.076923
0 0.507648 0.353309 0.049642 0.059034
0 0.786717 0.432021 0.156977 0.230769
0 0.865206 0.571556 0.128801 0.116279
0 0.248703 0.457961 0.097943 0.168157
0 0.666872 0.318873 0.040250 0.051431
0 0.546540 0.194767 0.031026 0.046959
0 0.607335 0.241726 0.025157 0.026834
0 0.389731 0.283654 0.037735 0.043605
0 0.271495 0.273591 0.034381 0.036896
0 0.228309 0.302102 0.038573 0.033542
0 0.154890 0.356231 0.047406 0.046512
0 0.106626 0.385659 0.063730 0.058140
1 0.842315 0.826178 0.057021 0.143113
1 0.610875 0.507156 0.032424 0.092427
1 0.620938 0.431127 0.023479 0.071556
1 0.058549 0.481067 0.027952 0.081992