0 0.507648 0.688730 0.130143 0.264758
0 0.879964 0.543828 0.222719 0.322004
0 0.552594 0.428444 0.067084 0.119857
0 0.490206 0.347943 0.046959 0.055456
0 0.628354 0.293802 0.035515 0.035778
0 0.541418 0.228483 0.043977 0.072550
0 0.183102 0.522063 0.097272 0.098390
0 0.308885 0.355546 0.049195 0.064103
0 0.095893 0.373435 0.050313 0.049195
0 0.154032 0.331694 0.052549 0.055158
1 0.808102 0.908169 0.054785 0.181872
1 0.672816 0.538462 0.039132 0.107335
1 0.573867 0.549642 0.031306 0.081992
1 0.681202 0.437090 0.024597 0.074538
1 0.643746 0.394603 0.023479 0.061121
1 0.069059 0.519827 0.025716 0.105844
1 0.132230 0.402803 0.022361 0.065593