0 0.543202 0.764758 0.225403 0.366726
0 0.321154 0.778175 0.167710 0.254025
0 0.400984 0.531306 0.088551 0.125224
0 0.193374 0.556213 0.137264 0.209165
0 0.282648 0.506674 0.059860 0.110087
0 0.329606 0.457823 0.052635 0.067428
0 0.381210 0.385579 0.056763 0.088069
0 0.497833 0.359433 0.069148 0.115591
0 0.890533 0.394523 0.115591 0.147241
0 0.820352 0.359433 0.061924 0.101830
0 0.756364 0.325719 0.033026 0.034402
0 0.551500 0.349800 0.029930 0.038530
0 0.560788 0.528003 0.112495 0.136232
1 0.066430 0.934980 0.052635 0.130040
1 0.235173 0.697950 0.041283 0.148617
1 0.778038 0.406908 0.022705 0.053667
1 0.818804 0.434430 0.013417 0.050915
1 0.481836 0.470896 0.020641 0.068804