0 0.441905 0.730769 0.108676 0.166369
0 0.296333 0.720036 0.096601 0.116279
0 0.500939 0.599284 0.097943 0.135957
0 0.711583 0.588551 0.068426 0.085868
0 0.690116 0.540250 0.046959 0.053667
0 0.940340 0.579606 0.075134 0.078712
0 0.048211 0.722719 0.096422 0.211091
0 0.110510 0.685152 0.095259 0.189624
0 0.183631 0.662791 0.059034 0.087657
0 0.225224 0.623435 0.059034 0.066190
0 0.464714 0.480322 0.063059 0.105546
0 0.364088 0.671735 0.073792 0.076923
0 0.299687 0.548301 0.049642 0.037567
0 0.345304 0.507156 0.044275 0.051878
0 0.700179 0.408766 0.050984 0.076923
1 0.256753 0.910555 0.057692 0.153846
1 0.055501 0.904293 0.049642 0.127013
1 0.150089 0.820215 0.040250 0.112701
1 0.926252 0.734347 0.038909 0.101968
1 0.767934 0.543828 0.020125 0.057245
1 0.316458 0.616279 0.021467 0.066190
0 0.404338 0.572451 0.060376 0.078712