0 0.534481 0.742397 0.197227 0.339893
0 0.643828 0.933810 0.013417 0.010733
0 0.325850 0.755814 0.155635 0.234347
0 0.187657 0.548301 0.147585 0.212880
0 0.404338 0.523256 0.084526 0.116279
0 0.327862 0.458855 0.052326 0.073345
0 0.378175 0.385510 0.053667 0.084079
0 0.496656 0.357881 0.065226 0.107533
0 0.545215 0.516100 0.116726 0.116279
0 0.894176 0.384134 0.113795 0.134994
0 0.814893 0.357782 0.057692 0.107335
0 0.752504 0.319320 0.032200 0.037567
0 0.959436 0.468694 0.081127 0.053667
0 0.553866 0.431525 0.064103 0.041741
0 0.549766 0.344067 0.027579 0.037766
0 0.279939 0.504075 0.048450 0.107335
1 0.077556 0.888331 0.064236 0.201871
1 0.240746 0.684877 0.045411 0.144489
1 0.821281 0.436494 0.017545 0.055043
1 0.481216 0.466080 0.020641 0.070180
1 0.779999 0.404156 0.015481 0.056419