0 0.727012 0.727191 0.225403 0.295170
0 0.616995 0.404293 0.152952 0.203936
4 0.074284 0.487478 0.143560 0.466905
0 0.191682 0.323792 0.091234 0.168157
0 0.248032 0.191413 0.096601 0.110912
0 0.578086 0.032200 0.059034 0.060823
1 0.340608 0.886404 0.088551 0.227191
1 0.392263 0.692308 0.065742 0.236136
1 0.503623 0.576923 0.063059 0.209302
1 0.237299 0.556351 0.067084 0.182469
1 0.356038 0.441860 0.052326 0.168157
1 0.492218 0.384615 0.048301 0.143113
1 0.408363 0.408766 0.046959 0.141324
1 0.372809 0.228980 0.034884 0.107335
1 0.542531 0.234347 0.038909 0.114490
1 0.456664 0.199463 0.030859 0.087657
1 0.441234 0.251342 0.040250 0.116279
1 0.471422 0.132379 0.025492 0.071556
1 0.517710 0.127907 0.029517 0.069767
1 0.596869 0.121646 0.026834 0.078712