1 0.631082 0.644007 0.071109 0.236136
1 0.403667 0.865832 0.101968 0.268336
1 0.436538 0.663685 0.084526 0.203936
1 0.451297 0.533989 0.060376 0.162791
1 0.537835 0.439177 0.048301 0.198569
1 0.429830 0.427549 0.033542 0.150268
1 0.374150 0.400716 0.059034 0.161002
1 0.453309 0.354204 0.040250 0.143113
1 0.488864 0.326476 0.041592 0.148479
1 0.402996 0.266547 0.038909 0.132379
1 0.343292 0.195886 0.029517 0.094812
1 0.434526 0.151163 0.024150 0.098390
1 0.468068 0.103757 0.021467 0.085868
0 0.189669 0.675313 0.304562 0.270125
4 0.077639 0.463327 0.152952 0.475850
0 0.190340 0.296064 0.088551 0.169946
0 0.244007 0.177996 0.099284 0.123435
0 0.608945 0.273703 0.120751 0.153846
0 0.588819 0.150268 0.080501 0.093023
0 0.574732 0.058140 0.055009 0.073345
0 0.919544 0.261181 0.119410 0.114490
1 0.954428 0.154741 0.028175 0.098390
1 0.888685 0.101968 0.030859 0.089445