0 0.732771 0.726151 0.228207 0.324013
0 0.207895 0.233553 0.096217 0.167763
0 0.267215 0.114544 0.089035 0.130404
4 0.090707 0.397204 0.177632 0.468750
1 0.661842 0.396382 0.059211 0.174342
1 0.441653 0.592105 0.070312 0.243421
1 0.511965 0.501645 0.055510 0.213816
1 0.525842 0.330827 0.047580 0.165648
1 0.389270 0.376645 0.058153 0.130404
1 0.279572 0.537594 0.067845 0.212641
1 0.386186 0.494126 0.066083 0.198543
1 0.536415 0.093985 0.033482 0.093985
1 0.483233 0.051912 0.028140 0.088405
1 0.443528 0.080181 0.027369 0.095600