0 0.156216 0.852415 0.312432 0.295170
1 0.035376 0.635063 0.068426 0.257603
1 0.825626 0.902504 0.122093 0.194991
1 0.826297 0.629696 0.077818 0.271914
1 0.712925 0.486583 0.055009 0.221825
1 0.642487 0.372987 0.059034 0.187835
1 0.515027 0.405188 0.061717 0.187835
1 0.574732 0.198569 0.052326 0.143113
1 0.608945 0.152057 0.040250 0.139535
1 0.667979 0.082290 0.034884 0.107335
1 0.608945 0.037567 0.029517 0.075134
1 0.429159 0.119857 0.045617 0.132379
0 0.315787 0.016995 0.092576 0.033989
1 0.398971 0.033095 0.030859 0.066190