1 0.544038 0.460526 0.067845 0.187500
1 0.669243 0.644737 0.002467 0.000000
1 0.682812 0.223684 0.046875 0.128289
1 0.391694 0.522204 0.071546 0.215461
1 0.299794 0.888980 0.114720 0.222039
1 0.585362 0.953947 0.101151 0.092105
1 0.427467 0.374178 0.066612 0.166118
1 0.481127 0.184211 0.040707 0.125000
1 0.374424 0.203125 0.044408 0.123355
1 0.536636 0.130757 0.040707 0.113487
1 0.581661 0.072368 0.034539 0.095395
1 0.613117 0.204770 0.001234 0.001645
0 0.175206 0.486020 0.188734 0.215461
0 0.299794 0.074013 0.104852 0.148026
0 0.840090 0.039474 0.127056 0.078947