1 0.644572 0.555099 0.071546 0.208882
1 0.636554 0.805099 0.082648 0.284539
1 0.579194 0.966283 0.125822 0.067434
1 0.425617 0.814967 0.099918 0.284539
1 0.420066 0.569079 0.069079 0.200658
1 0.531086 0.369243 0.054276 0.175987
1 0.697615 0.357730 0.000000 0.001645
1 0.724753 0.222862 0.049342 0.136513
1 0.609416 0.151316 0.038240 0.111842
1 0.560691 0.126645 0.037007 0.115132
1 0.497780 0.078125 0.032072 0.100329
1 0.405263 0.037007 0.032072 0.074013
1 0.468791 0.038651 0.028372 0.074013
0 0.439186 0.264803 0.131990 0.144737
0 0.840090 0.048520 0.131990 0.080592
0 0.129564 0.525493 0.198602 0.218750
3 0.241817 0.134868 0.131990 0.210526
0 0.031785 0.043586 0.063569 0.087171