0 0.843174 0.055921 0.148026 0.078947
1 0.722903 0.929276 0.099918 0.141447
1 0.596464 0.460526 0.064145 0.190789
1 0.473725 0.583882 0.072780 0.233553
1 0.515049 0.856908 0.098684 0.279605
1 0.375658 0.959704 0.098684 0.080592
1 0.440419 0.326480 0.050576 0.152961
1 0.561308 0.292763 0.053043 0.144737
1 0.621752 0.233553 0.048109 0.141447
1 0.484827 0.217105 0.043174 0.125000
1 0.453988 0.150493 0.038240 0.113487
1 0.514433 0.042763 0.025905 0.078947
1 0.592763 0.091283 0.000000 0.004934
1 0.406497 0.021382 0.024671 0.042763