1 0.610033 0.779605 0.076480 0.236842
1 0.977097 0.694901 0.045806 0.208882
1 0.531702 0.490132 0.050576 0.144737
1 0.671711 0.285362 0.032072 0.106908
1 0.561924 0.364309 0.034539 0.126645
1 0.428084 0.335526 0.040707 0.111842
1 0.481743 0.309211 0.037007 0.111842
1 0.542187 0.332237 0.034539 0.111842
1 0.622985 0.227796 0.028372 0.093750
1 0.566242 0.177632 0.028372 0.072368
1 0.504564 0.207237 0.028372 0.072368
1 0.548355 0.240954 0.002467 0.001645
1 0.490995 0.173520 0.028372 0.083882
1 0.533553 0.152138 0.024671 0.067434
1 0.040132 0.164474 0.027138 0.072368
0 0.336184 0.326480 0.120888 0.123355
0 0.413281 0.099507 0.062911 0.070724
0 0.596464 0.054276 0.037007 0.042763
0 0.445970 0.015625 0.044408 0.031250
0 0.812952 0.155428 0.109786 0.064145