1 0.661225 0.764803 0.067845 0.256579
1 0.312130 0.847039 0.090049 0.286184
1 0.529235 0.688322 0.062911 0.222039
1 0.622368 0.550164 0.051809 0.185855
1 0.371957 0.368421 0.039474 0.138158
1 0.619901 0.263158 0.037007 0.111842
1 0.679112 0.298520 0.002467 0.001645
1 0.449671 0.213816 0.024671 0.092105
1 0.506414 0.134868 0.024671 0.065789
1 0.445354 0.141447 0.020970 0.062500
0 0.940090 0.281250 0.119819 0.134868
0 0.542804 0.337171 0.124589 0.194079
0 0.547738 0.070724 0.053043 0.049342
0 0.379359 0.148849 0.074013 0.083882
0 0.542187 0.019737 0.049342 0.032895
0 0.661842 0.094572 0.000000 0.001645
1 0.074671 0.324013 0.081414 0.101974