1 0.923972 0.878289 0.085115 0.243421
1 0.719819 0.791941 0.000000 0.001645
1 0.391694 0.856086 0.078947 0.268092
1 0.214062 0.792763 0.086349 0.259868
1 0.102426 0.953947 0.077714 0.092105
1 0.109827 0.620066 0.060444 0.164474
1 0.402179 0.274671 0.035773 0.098684
1 0.467631 0.282834 0.027574 0.101587
1 0.444412 0.232863 0.020317 0.091912
1 0.651576 0.177232 0.023945 0.071594
1 0.465454 0.185940 0.017415 0.077399
0 0.617434 0.405428 0.273849 0.498355
0 0.521834 0.120066 0.055510 0.075658
0 0.376891 0.182566 0.076480 0.085526
0 0.347286 0.361020 0.000000 0.001645
0 0.951192 0.332237 0.097615 0.144737