1 0.394161 0.669408 0.083882 0.236842
1 0.521834 0.405428 0.053043 0.159539
1 0.613734 0.399671 0.049342 0.161184
1 0.447821 0.339638 0.050576 0.156250
1 0.487294 0.272204 0.035773 0.133224
1 0.618051 0.254112 0.048109 0.120066
1 0.618668 0.182566 0.039474 0.095395
1 0.549589 0.139803 0.029605 0.092105
1 0.462623 0.220395 0.045641 0.108553
1 0.465090 0.156250 0.033306 0.082237
1 0.421299 0.121711 0.029605 0.082237
1 0.470641 0.101151 0.032072 0.077303
1 0.390461 0.069079 0.027138 0.075658
0 0.329626 0.251234 0.125822 0.147204
0 0.426768 0.048520 0.099301 0.064145
0 0.780880 0.532895 0.208470 0.256579
0 0.875863 0.758224 0.001234 0.003289