0 0.329400 0.239309 0.124589 0.143092
0 0.671711 0.245888 0.128289 0.156250
0 0.888199 0.549342 0.193668 0.236842
1 0.680962 0.766447 0.099918 0.266447
1 0.226398 0.838816 0.093750 0.289474
1 0.482360 0.731086 0.094984 0.241776
1 0.605715 0.525493 0.065378 0.215461
1 0.442270 0.378289 0.061678 0.157895
1 0.527611 0.200247 0.035773 0.106086
1 0.462541 0.186678 0.036390 0.106908
1 0.568010 0.114720 0.038857 0.061678
1 0.570477 0.181743 0.033923 0.103618
1 0.477652 0.136102 0.032072 0.086349
1 0.445580 0.109786 0.029605 0.073191
1 0.513425 0.076069 0.028372 0.076480
1 0.473951 0.080592 0.022204 0.054276
1 0.386678 0.070724 0.027755 0.072368
1 0.488446 0.059211 0.030222 0.070724
1 0.380818 0.043586 0.028372 0.057566