0 0.262171 0.439967 0.185033 0.215461
3 0.062623 0.879934 0.125246 0.240132
0 0.383059 0.087171 0.081414 0.078947
0 0.911020 0.113487 0.138158 0.082237
0 0.172122 0.069079 0.044408 0.072368
1 0.026562 0.128289 0.039474 0.092105
1 0.070970 0.070724 0.032072 0.085526
1 0.360238 0.857730 0.087582 0.268092
1 0.545271 0.790296 0.077714 0.274671
1 0.689597 0.656250 0.077714 0.226974
1 0.556373 0.537829 0.062911 0.223684
1 0.436719 0.541118 0.062911 0.220395
1 0.674178 0.365132 0.061678 0.157895
1 0.483594 0.158717 0.033306 0.113487
1 0.576727 0.134046 0.034539 0.090461
1 0.485362 0.077714 0.033923 0.071546
1 0.584663 0.055510 0.026521 0.078125