1 0.088240 0.072368 0.027138 0.092105
1 0.043215 0.069079 0.030839 0.092105
1 0.566859 0.798520 0.091283 0.274671
1 0.631620 0.416941 0.053043 0.169408
1 0.495312 0.490954 0.059211 0.192434
1 0.574877 0.549342 0.001234 0.000000
1 0.523684 0.313322 0.051809 0.143092
1 0.623602 0.199836 0.039474 0.120066
1 0.478043 0.198191 0.044408 0.123355
1 0.590296 0.134046 0.029605 0.103618
1 0.554282 0.073684 0.029112 0.081579
1 0.524184 0.060526 0.024178 0.081579
1 0.487917 0.071382 0.026645 0.082237
1 0.464480 0.056908 0.024178 0.078289
4 0.361472 0.090461 0.117188 0.180921
0 0.246135 0.520559 0.182566 0.195724
0 0.910403 0.106086 0.139391 0.080592