1 0.648890 0.726974 0.082648 0.236842
1 0.730700 0.498238 0.067845 0.173872
1 0.601618 0.517622 0.058153 0.184445
1 0.495884 0.467693 0.054629 0.169173
1 0.493682 0.280310 0.036125 0.116306
1 0.593247 0.215695 0.029077 0.099859
1 0.617918 0.179922 0.025552 0.086819
1 0.448664 0.173109 0.029605 0.087993
1 0.502015 0.134457 0.022821 0.079770
1 0.552590 0.110609 0.017887 0.071546
0 0.622595 0.066201 0.046875 0.048520
0 0.429544 0.010691 0.039474 0.021382
0 0.029934 0.262336 0.059868 0.129934
0 0.896217 0.200658 0.120888 0.078947
1 0.472781 0.110894 0.022330 0.069330