0 0.347903 0.343750 0.117188 0.148026
0 0.674178 0.148026 0.071546 0.078947
4 0.569777 0.266447 0.179196 0.319079
4 0.423150 0.090461 0.176398 0.131579
0 0.558224 0.081414 0.071546 0.050987
0 0.976480 0.259868 0.047039 0.088816
1 0.671711 0.245888 0.037007 0.087171
1 0.830839 0.558388 0.071546 0.182566
1 0.430241 0.273666 0.034951 0.106908
1 0.466816 0.226425 0.022615 0.095395
1 0.431248 0.209156 0.027961 0.068531
1 0.443995 0.192982 0.023026 0.081140
1 0.377589 0.156250 0.026727 0.063596
1 0.759910 0.407072 0.045641 0.146382
1 0.501480 0.889803 0.091283 0.220394
1 0.398479 0.740915 0.080181 0.222118
1 0.602015 0.748355 0.075247 0.246711
1 0.623602 0.650924 0.059211 0.178415
1 0.643024 0.540179 0.054041 0.184054