0 0.070970 0.090461 0.059211 0.055921
0 0.453372 0.446546 0.160362 0.175987
0 0.701316 0.062500 0.051809 0.052632
0 0.658758 0.015625 0.050576 0.031250
1 0.586595 0.867599 0.083882 0.264802
1 0.809252 0.896382 0.092516 0.207236
1 0.967146 0.894737 0.065378 0.210526
1 0.764844 0.533717 0.053043 0.179276
1 0.614350 0.439145 0.050576 0.154605
1 0.647656 0.305099 0.035773 0.116776
1 0.777179 0.430099 0.048109 0.149671
1 0.808635 0.362664 0.069079 0.126645
1 0.714268 0.157895 0.025905 0.072368
1 0.593519 0.156461 0.024987 0.084345
1 0.638908 0.104799 0.020876 0.076333
1 0.560466 0.122723 0.022141 0.076754
1 0.600003 0.072326 0.018978 0.061994
1 0.027109 0.248766 0.036125 0.107495
1 0.084161 0.170935 0.032160 0.089286
1 0.141653 0.179159 0.031720 0.082237