0 0.3578125 0.16875 0.04921875 0.10234375
0 0.49921875 0.51875 0.128125 0.26015625
1 0.18359375 0.66328125 0.0453125 0.2078125
1 0.2859375 0.5140625 0.0390625 0.16796875
1 0.3203125 0.42109375 0.02890625 0.13203125
1 0.23828125 0.33828125 0.03203125 0.1171875
1 0.29375 0.3296875 0.03203125 0.1046875
1 0.19609375 0.24296875 0.02734375 0.1046875
3 0.3109375 0.0796875 0.04765625 0.1203125
3 0.36171875 0.075 0.04140625 0.0921875
3 0.41953125 0.153125 0.0703125 0.15
3 0.8328125 0.73828125 0.334375 0.52265625