1 0.436538 0.928444 0.124776 0.143112
1 0.816905 0.683363 0.085868 0.264758
1 0.409034 0.636852 0.083184 0.250447
1 0.533140 0.406082 0.057692 0.200358
1 0.599553 0.292487 0.061717 0.159213
1 0.431843 0.221825 0.045617 0.150268
1 0.583453 0.122540 0.037567 0.134168
1 0.521064 0.103757 0.030859 0.125224
1 0.472764 0.174419 0.033542 0.130590
1 0.365429 0.105546 0.036225 0.125224
1 0.320483 0.038462 0.034884 0.069767
1 0.503623 0.033989 0.036225 0.067978
1 0.462701 0.074240 0.032200 0.094812
0 0.738417 0.069767 0.092576 0.107335
0 0.204428 0.503578 0.186494 0.313059
0 0.097764 0.060823 0.118068 0.121646