0 0.229249 0.440072 0.252236 0.400716
0 0.276207 0.089445 0.123435 0.125224
1 0.683408 0.925760 0.119410 0.148479
1 0.786046 0.625224 0.083184 0.241503
1 0.484168 0.431127 0.069767 0.218247
1 0.606261 0.228086 0.056351 0.166369
1 0.537835 0.143113 0.042934 0.135957
1 0.419767 0.117174 0.050984 0.127013
1 0.669991 0.060823 0.028175 0.114490
1 0.594186 0.100179 0.042934 0.103757
1 0.498927 0.079606 0.045617 0.137746
1 0.454651 0.056351 0.026834 0.105546
1 0.036046 0.047406 0.053667 0.094812
1 0.023390 0.881038 0.046780 0.237924