0 0.159481 0.469589 0.211986 0.227191
0 0.072943 0.033989 0.122093 0.067978
0 0.550581 0.023256 0.114043 0.046512
1 0.798792 0.738819 0.103309 0.286225
1 0.630411 0.478533 0.083184 0.220036
1 0.414401 0.597496 0.088551 0.246869
1 0.527773 0.401610 0.071109 0.202147
1 0.466726 0.334526 0.069767 0.189624
1 0.420438 0.262970 0.057692 0.168157
1 0.430501 0.134168 0.048301 0.132379
1 0.524419 0.130590 0.037567 0.139535
1 0.609615 0.213775 0.041592 0.169946
1 0.757200 0.165474 0.033542 0.155635
1 0.651878 0.357782 0.061717 0.161002
1 0.400984 0.036673 0.021467 0.066190