4 0.4578125 0.22890625 0.0265625 0.07890625
1 0.55390625 0.70390625 0.03125 0.14609375
1 0.6546875 0.52734375 0.02421875 0.08984375
1 0.7296875 0.68828125 0.02421875 0.12734375
1 0.64140625 0.45625 0.0140625 0.071875
1 0.59765625 0.38828125 0.02421875 0.059375
1 0.5484375 0.35 0.015625 0.0625
0 0.46953125 0.3375 0.0359375 0.09921875
0 0.41640625 0.61328125 0.06796875 0.1375
0 0.6953125 0.91640625 0.15078125 0.15703125
0 0.07265625 0.4765625 0.07734375 0.10546875
3 0.2125 0.38984375 0.13203125 0.25859375