4 0.50625 0.275 0.03203125 0.07265625
0 0.425 0.38984375 0.0296875 0.0734375
0 0.21015625 0.93125 0.14921875 0.1265625
3 0.44375 0.621875 0.10546875 0.27265625
3 0.16484375 0.425 0.1578125 0.20546875
3 0.28671875 0.38515625 0.06640625 0.11484375
4 0.3375 0.31484375 0.03515625 0.090625
3 0.49296875 0.3734375 0.03984375 0.10234375
3 0.46171875 0.29140625 0.03046875 0.08046875
1 0.6828125 0.7140625 0.03125 0.13671875
1 0.77109375 0.73984375 0.0375 0.1140625
1 0.69375 0.60390625 0.025 0.0890625
1 0.64765625 0.4359375 0.02265625 0.0796875