4 0.34921875 0.50546875 0.13671875 0.3234375
0 0.1109375 0.45625 0.08203125 0.0765625
0 0.47421875 0.27890625 0.01328125 0.03125
1 0.03046875 0.42890625 0.025 0.06015625
1 0.10546875 0.38203125 0.021875 0.0515625
1 0.66328125 0.7578125 0.046875 0.14921875
1 0.74296875 0.85859375 0.04453125 0.165625
1 0.79609375 0.52421875 0.02421875 0.1015625
1 0.625 0.515625 0.0234375 0.096875
1 0.58203125 0.425 0.0203125 0.06953125
1 0.53828125 0.36171875 0.0125 0.0546875
3 0.46484375 0.3359375 0.0265625 0.0953125
3 0.41796875 0.2859375 0.03984375 0.0875