3 0.4875 0.24375 0.03984375 0.121875
3 0.55 0.275 0.0359375 0.096875
3 0.6765625 0.65390625 0.13359375 0.35546875
3 0.7078125 0.29375 0.0890625 0.15859375
3 0.63203125 0.1953125 0.04296875 0.05
4 0.37109375 0.52890625 0.09609375 0.28984375
4 0.42421875 0.14453125 0.025 0.0578125
1 0.40703125 0.33515625 0.025 0.07578125
1 0.25703125 0.86328125 0.040625 0.18046875
1 0.209375 0.6703125 0.0328125 0.146875
1 0.26953125 0.65390625 0.03359375 0.13828125
1 0.3375 0.35078125 0.01484375 0.0640625
1 0.37890625 0.3296875 0.01328125 0.053125