1 0.34375 0.55234375 0.03359375 0.12734375
1 0.22265625 0.6859375 0.02734375 0.14765625
1 0.140625 0.94765625 0.06875 0.10390625
1 0.33203125 0.44375 0.03125 0.0890625
1 0.3578125 0.31484375 0.01953125 0.07890625
1 0.859375 0.35 0.02265625 0.11171875
1 0.8125 0.328125 0.0203125 0.08046875
1 0.9 0.3625 0.021875 0.08203125
3 0.69921875 0.7 0.16875 0.42890625
3 0.5296875 0.2453125 0.0375 0.10625
3 0.50625 0.1578125 0.028125 0.04765625
3 0.9859375 0.32109375 0.028125 0.0796875
0 0.496875 0.35859375 0.04453125 0.090625
0 0.5046875 0.496875 0.0703125 0.146875
0 0.43984375 0.25625 0.02421875 0.06015625
0 0.63125 0.2515625 0.025 0.04453125
0 0.78125 0.42890625 0.0828125 0.08984375
0 0.9375 0.49375 0.109375 0.103125
3 0.70859375 0.3140625 0.0625 0.0890625
3 0.47578125 0.18203125 0.01953125 0.053125
4 0.4109375 0.19453125 0.0328125 0.096875