1 0.249374 0.634168 0.101968 0.262970
1 0.510331 0.934705 0.108676 0.130590
1 0.763238 0.893560 0.104651 0.202147
1 0.907469 0.866726 0.116726 0.266547
1 0.949061 0.486583 0.079159 0.218247
1 0.784705 0.558140 0.075134 0.243292
1 0.842397 0.355993 0.067084 0.196780
1 0.692129 0.392665 0.064401 0.202147
1 0.758542 0.228086 0.052326 0.173524
1 0.586807 0.207513 0.041592 0.164580
1 0.744454 0.135063 0.059034 0.130590
0 0.516368 0.564401 0.214669 0.330948
0 0.380859 0.240608 0.152952 0.173524
0 0.584123 0.127907 0.127460 0.134168
0 0.070259 0.082290 0.130143 0.139535