1 0.207782 0.557245 0.091234 0.241503
1 0.221869 0.317531 0.057692 0.180680
1 0.313104 0.271020 0.044275 0.166369
1 0.311091 0.143113 0.040250 0.107335
1 0.521064 0.157424 0.030859 0.125224
1 0.353354 0.067979 0.030859 0.107335
1 0.245349 0.181574 0.042934 0.123435
1 0.482826 0.053667 0.032200 0.107334
1 0.529114 0.064401 0.036225 0.093023
1 0.415742 0.043828 0.034884 0.066190
0 0.429830 0.130590 0.111360 0.125224
0 0.627057 0.307692 0.154293 0.193202
0 0.431172 0.346154 0.162343 0.248658
0 0.614982 0.098390 0.103309 0.150268