1 0.50234375 0.82109375 0.10078125 0.3578125
1 0.4125 0.71796875 0.096875 0.31171875
1 0.24296875 0.67109375 0.08125 0.30546875
1 0.321875 0.48828125 0.07734375 0.2265625
1 0.5921875 0.65 0.06171875 0.228125
0 0.47734375 0.2625 0.1578125 0.32734375
0 0.6015625 0.09296875 0.084375 0.18203125
1 0.63671875 0.42578125 0.0328125 0.18828125
0 0.64765625 0.040625 0.0484375 0.08125
0 0.65 0.1765625 0.09453125 0.20859375
1 0.7203125 0.23828125 0.0265625 0.125
1 0.05078125 0.50078125 0.07421875 0.20234375
1 0.12109375 0.51953125 0.08125 0.2359375
0 0.5265625 0.04765625 0.06796875 0.0953125