1 0.278125 0.62578125 0.0921875 0.2734375
1 0.33046875 0.4515625 0.06875 0.17109375
1 0.38828125 0.6921875 0.08671875 0.29453125
1 0.4828125 0.76484375 0.09296875 0.33203125
1 0.56171875 0.56953125 0.06328125 0.21875
3 0.5 0.2796875 0.1984375 0.41953125
0 0.59140625 0.121875 0.08515625 0.20078125
1 0.61328125 0.425 0.0515625 0.19296875
1 0.6828125 0.33515625 0.0296875 0.1546875
1 0.66953125 0.14921875 0.02578125 0.10625
1 0.7296875 0.1515625 0.03046875 0.1046875
1 0.06796875 0.50390625 0.07890625 0.21484375