1 0.546875 0.7328125 0.04921875 0.259375
0 0.40625 0.3546875 0.2109375 0.46015625
1 0.23515625 0.69609375 0.071875 0.29921875
1 0.396875 0.74453125 0.08203125 0.31640625
1 0.4796875 0.54453125 0.0359375 0.21328125
1 0.6484375 0.428125 0.03359375 0.18984375
0 0.56953125 0.16875 0.09453125 0.21484375
0 0.61796875 0.0875 0.06640625 0.15859375
1 0.54375 0.43046875 0.0296875 0.18515625
1 0.3359375 0.1765625 0.03671875 0.128125
1 0.52734375 0.13046875 0.02890625 0.1
1 0.85234375 0.2359375 0.0578125 0.1109375