1 0.22578125 0.63125 0.053125 0.259375
1 0.2734375 0.7203125 0.08828125 0.31484375
1 0.38125 0.7171875 0.0765625 0.32265625
1 0.459375 0.54296875 0.0671875 0.2625
1 0.4921875 0.84921875 0.04921875 0.2734375
1 0.53046875 0.45625 0.03828125 0.19296875
1 0.33359375 0.45546875 0.0625 0.20390625
1 0.59296875 0.5984375 0.04609375 0.2375
0 0.60703125 0.0734375 0.0796875 0.146875
1 0.65546875 0.25859375 0.01875 0.146875
1 0.5578125 0.23203125 0.03359375 0.115625
1 0.22109375 0.26484375 0.046875 0.15
1 0.6921875 0.1390625 0.02265625 0.0984375