1 0.278125 0.62578125 0.0921875 0.2734375
1 0.33046875 0.4515625 0.06875 0.17109375
1 0.38828125 0.6921875 0.08671875 0.29453125
1 0.4828125 0.76484375 0.09296875 0.33203125
1 0.56171875 0.56953125 0.06328125 0.21875
3 0.5 0.2796875 0.1984375 0.41953125
0 0.59140625 0.121875 0.08515625 0.20078125
1 0.61328125 0.425 0.0515625 0.19296875
1 0.69375 0.22578125 0.0171875 0.128125
1 0.1140625 0.52421875 0.0796875 0.2296875
1 0.48984375 0.0546875 0.0203125 0.07578125
1 0.534375 0.0515625 0.01953125 0.08515625
1 0.6875 0.0984375 0.0140625 0.08046875