1 0.2296875 0.6375 0.09296875 0.28984375
1 0.44765625 0.82734375 0.10390625 0.3453125
1 0.540625 0.60234375 0.071875 0.2765625
1 0.61328125 0.428125 0.0640625 0.20234375
1 0.68125 0.34375 0.04375 0.15859375
1 0.65625 0.21328125 0.03046875 0.1265625
1 0.71796875 0.246875 0.028125 0.1140625
3 0.4984375 0.2765625 0.1 0.44140625
0 0.59296875 0.109375 0.0828125 0.16953125
0 0.69296875 0.08515625 0.053125 0.1359375
0 0.6515625 0.04296875 0.059375 0.0859375
1 0.7546875 0.26875 0.028125 0.1296875
1 0.3890625 0.33984375 0.03046875 0.16640625
1 0.48359375 0.03671875 0.0265625 0.0734375