1 0.50234375 0.82109375 0.10078125 0.3578125
1 0.4125 0.71796875 0.096875 0.31171875
1 0.24296875 0.67109375 0.08125 0.30546875
1 0.321875 0.48828125 0.07734375 0.2265625
1 0.5921875 0.65 0.06171875 0.228125
0 0.47734375 0.2625 0.1578125 0.32734375
0 0.5921875 0.103125 0.084375 0.18203125
1 0.63671875 0.42578125 0.0328125 0.18828125
0 0.6421875 0.040625 0.059375 0.08125
0 0.65 0.1765625 0.09453125 0.20859375
1 0.6875 0.38359375 0.0328125 0.17109375
0 0.39375 0.13671875 0.209375 0.2734375
1 0.15234375 0.33359375 0.06640625 0.17265625