1 0.55390625 0.7359375 0.05390625 0.2625
0 0.46640625 0.3125 0.17421875 0.371875
1 0.4984375 0.58125 0.04375 0.2328125
1 0.41171875 0.753125 0.0828125 0.26875
1 0.31015625 0.60234375 0.1109375 0.2765625
0 0.56484375 0.1265625 0.0 0.253125
0 0.63671875 0.0734375 0.0609375 0.146875
1 0.62109375 0.56171875 0.0453125 0.21640625
1 0.56953125 0.4046875 0.03984375 0.1421875
1 0.69296875 0.35859375 0.0296875 0.14375
1 0.8984375 0.24609375 0.05234375 0.07265625
1 0.40625 0.12578125 0.0328125 0.115625
0 0.178125 0.49765625 0.2328125 0.40625
1 0.671875 0.1484375 0.02265625 0.09296875