1 0.50234375 0.82109375 0.10078125 0.3578125
1 0.4125 0.71796875 0.096875 0.31171875
1 0.24296875 0.67109375 0.08125 0.30546875
1 0.321875 0.48828125 0.07734375 0.2265625
1 0.5921875 0.65 0.06171875 0.228125
0 0.47734375 0.2625 0.1578125 0.32734375
0 0.6015625 0.09296875 0.084375 0.18203125
1 0.63671875 0.42578125 0.0328125 0.18828125
0 0.64765625 0.040625 0.0484375 0.08125
0 0.65 0.1765625 0.09453125 0.20859375
1 0.6875 0.38359375 0.0328125 0.17109375
1 0.03515625 0.6421875 0.0703125 0.215625
1 0.721875 0.140625 0.021875 0.0984375
1 0.34609375 0.1875 0.0421875 0.121875
1 0.30390625 0.2828125 0.053125 0.16484375
1 0.42109375 0.11640625 0.02734375 0.07578125