1 0.278125 0.62578125 0.0921875 0.2734375
1 0.33046875 0.4515625 0.06875 0.17109375
1 0.3734375 0.35390625 0.05390625 0.15859375
1 0.38828125 0.6921875 0.08671875 0.29453125
1 0.4828125 0.76484375 0.09296875 0.33203125
1 0.55703125 0.55078125 0.06171875 0.275
1 0.61328125 0.428125 0.0640625 0.20234375
1 0.68125 0.34375 0.04375 0.15859375
1 0.65625 0.21328125 0.03046875 0.1265625
1 0.71796875 0.246875 0.028125 0.1140625
3 0.4984375 0.2765625 0.1 0.44140625
0 0.59296875 0.109375 0.0828125 0.16953125
0 0.69296875 0.08515625 0.053125 0.1359375
0 0.6515625 0.04296875 0.059375 0.0859375
1 0.77890625 0.20546875 0.028125 0.1015625