1 0.48203125 0.89140625 0.0734375 0.2171875
1 0.56953125 0.66328125 0.04765625 0.24375
1 0.58828125 0.40703125 0.0421875 0.16015625
0 0.40234375 0.528125 0.3140625 0.79921875
0 0.53359375 0.1921875 0.090625 0.18984375
1 0.653125 0.42578125 0.02734375 0.17578125
0 0.5921875 0.1125 0.0875 0.225
0 0.64296875 0.05390625 0.03984375 0.1078125
1 0.68359375 0.315625 0.0265625 0.11875
1 0.1984375 0.315625 0.0546875 0.153125
1 0.68125 0.10546875 0.01484375 0.096875
1 0.72578125 0.12109375 0.01796875 0.07890625
1 0.15859375 0.51015625 0.0921875 0.2265625
1 0.07734375 0.825 0.0796875 0.29453125