1 0.39765625 0.88515625 0.13203125 0.2296875
1 0.0546875 0.896875 0.109375 0.20625
1 0.4625 0.653125 0.07734375 0.21640625
0 0.37734375 0.4421875 0.23203125 0.44921875
1 0.12421875 0.6234375 0.084375 0.25625
0 0.546875 0.16953125 0.12890625 0.26875
1 0.54296875 0.42421875 0.05078125 0.17578125
0 0.76328125 0.1390625 0.11796875 0.21328125
1 0.60234375 0.540625 0.05390625 0.19296875
1 0.47734375 0.13515625 0.03828125 0.1125
1 0.709375 0.29296875 0.02734375 0.1328125
1 0.67265625 0.24765625 0.021875 0.14375
1 0.628125 0.24453125 0.03046875 0.1375