1 0.22578125 0.63125 0.053125 0.259375
1 0.2734375 0.7203125 0.08828125 0.31484375
1 0.38125 0.7171875 0.0765625 0.32265625
1 0.459375 0.54296875 0.0671875 0.2625
1 0.49296875 0.84453125 0.04921875 0.28203125
1 0.53046875 0.45625 0.03828125 0.19296875
1 0.33359375 0.45546875 0.0625 0.20390625
1 0.59296875 0.5984375 0.04609375 0.2375
0 0.575 0.1046875 0.103125 0.209375
1 0.6203125 0.31875 0.02421875 0.128125
1 0.490625 0.33046875 0.0515625 0.1359375
1 0.3578125 0.11484375 0.034375 0.10625
1 0.684375 0.21171875 0.02265625 0.1234375
0 0.08203125 0.54140625 0.1640625 0.41015625