1 0.5046875 0.8171875 0.0578125 0.29140625
1 0.40625 0.740625 0.0921875 0.30546875
1 0.30703125 0.659375 0.07578125 0.29765625
1 0.39453125 0.47890625 0.06328125 0.18984375
1 0.4953125 0.54921875 0.03515625 0.20703125
1 0.59609375 0.51953125 0.03203125 0.20859375
0 0.5546875 0.1921875 0.12734375 0.29140625
1 0.6625 0.41015625 0.034375 0.18828125
0 0.61015625 0.07109375 0.065625 0.1421875
1 0.70078125 0.3390625 0.02578125 0.14375
0 0.7984375 0.07734375 0.09921875 0.1109375
0 0.5375 0.05078125 0.07421875 0.1015625
1 0.26484375 0.259375 0.05703125 0.1453125
1 0.41875 0.13828125 0.03359375 0.10625
1 0.353125 0.3015625 0.04921875 0.16484375
1 0.66015625 0.11484375 0.01796875 0.09140625