1 0.41484375 0.896875 0.1265625 0.20625
1 0.315625 0.84453125 0.1296875 0.31015625
1 0.17890625 0.81484375 0.09453125 0.34296875
1 0.29921875 0.5265625 0.084375 0.234375
1 0.57734375 0.6765625 0.0671875 0.2515625
0 0.471875 0.2734375 0.1578125 0.32734375
0 0.58984375 0.1078125 0.084375 0.18203125
1 0.63671875 0.42578125 0.0328125 0.18828125
0 0.625 0.040625 0.059375 0.08125
0 0.65 0.1765625 0.09453125 0.20859375
1 0.6875 0.38359375 0.0328125 0.17109375
1 0.06875 0.79453125 0.09609375 0.31796875
1 0.7171875 0.31015625 0.02421875 0.1296875
1 0.35546875 0.3421875 0.05390625 0.13125
1 0.4328125 0.5625 0.0765625 0.2265625
1 0.48984375 0.6140625 0.0515625 0.240625