1 0.409375 0.76015625 0.0859375 0.30078125
1 0.52578125 0.8578125 0.0734375 0.28359375
1 0.51328125 0.5640625 0.0453125 0.21484375
0 0.3875 0.409375 0.1890625 0.40859375
0 0.5203125 0.1890625 0.13359375 0.2453125
0 0.60546875 0.31171875 0.1453125 0.3828125
0 0.6 0.065625 0.0796875 0.13125
1 0.62890625 0.5375 0.0390625 0.20859375
1 0.6828125 0.3984375 0.03125 0.16953125
1 0.74921875 0.14296875 0.0203125 0.08515625
1 0.1890625 0.4265625 0.0578125 0.20546875
1 0.4046875 0.128125 0.0328125 0.1171875
0 0.65078125 0.0421875 0.05078125 0.084375