0 0.51640625 0.5453125 0.0515625 0.05625
1 0.0390625 0.621875 0.07734375 0.26171875
1 0.27265625 0.5921875 0.0546875 0.11484375
1 0.94296875 0.60703125 0.03671875 0.059375
1 0.246875 0.56953125 0.03671875 0.1015625
1 0.44296875 0.584375 0.040625 0.12109375
1 0.57265625 0.596875 0.0390625 0.09140625
1 0.6796875 0.7484375 0.11484375 0.278125
1 0.80390625 0.73359375 0.0859375 0.2484375
1 0.85390625 0.59765625 0.03046875 0.1015625
1 0.89140625 0.5984375 0.02734375 0.06640625
1 0.9140625 0.60625 0.02109375 0.0546875