0 0.515625 0.54609375 0.06796875 0.0828125
1 0.0453125 0.64296875 0.090625 0.23671875
1 0.46484375 0.62265625 0.10234375 0.13203125
1 0.2984375 0.6296875 0.1546875 0.17890625
1 0.3859375 0.58515625 0.0421875 0.10625
1 0.19140625 0.58125 0.05625 0.1375
1 0.940625 0.59140625 0.0390625 0.05703125
1 0.55625 0.57109375 0.03125 0.09921875
0 0.859375 0.55546875 0.0453125 0.08984375
1 0.6765625 0.72734375 0.1046875 0.2828125
1 0.8015625 0.7140625 0.1046875 0.2421875
1 0.884375 0.5921875 0.03359375 0.071875