1 0.36015625 0.578125 0.07265625 0.1765625
1 0.509375 0.56796875 0.04765625 0.115625
0 0.60234375 0.53203125 0.06015625 0.07890625
1 0.21015625 0.5859375 0.08515625 0.18828125
4 0.95 0.540625 0.04140625 0.10859375
0 0.98515625 0.57109375 0.02109375 0.0390625
1 0.64921875 0.56015625 0.04921875 0.1
1 0.7703125 0.71484375 0.096875 0.28125
1 0.70546875 0.65234375 0.04296875 0.2109375
1 0.6640625 0.571875 0.03203125 0.1015625
1 0.9015625 0.7015625 0.109375 0.23515625
3 0.85703125 0.53203125 0.0546875 0.1328125