3 0.6640625 0.54765625 0.084375 0.1859375
1 0.0578125 0.621875 0.11328125 0.23046875
1 0.2125 0.5984375 0.0703125 0.17421875
1 0.49375 0.64609375 0.0953125 0.2359375
1 0.94453125 0.61796875 0.0265625 0.0625
1 0.73359375 0.7421875 0.13046875 0.26328125
1 0.3109375 0.57890625 0.04765625 0.0890625
1 0.98359375 0.60078125 0.02890625 0.046875
1 0.55234375 0.5953125 0.03671875 0.1203125
1 0.58828125 0.60625 0.05390625 0.1
1 0.87421875 0.7421875 0.09140625 0.23828125
1 0.8125 0.6046875 0.0390625 0.10234375