1 0.774642 0.699463 0.076476 0.246869
1 0.634436 0.682469 0.072451 0.227191
1 0.514356 0.858676 0.081843 0.275492
1 0.434526 0.743292 0.083184 0.237925
1 0.121243 0.851521 0.076476 0.286225
1 0.488193 0.489267 0.056351 0.180680
1 0.570707 0.466905 0.046959 0.161002
1 0.631753 0.354204 0.053667 0.143113
1 0.507648 0.363148 0.033542 0.125224
1 0.446601 0.365832 0.032200 0.141324
1 0.527773 0.242397 0.025492 0.116279
1 0.468739 0.285331 0.033542 0.105546
1 0.399642 0.253131 0.024150 0.101968
1 0.433184 0.185152 0.024150 0.084079
1 0.499597 0.203041 0.030859 0.101968
1 0.460689 0.120751 0.017442 0.069767
1 0.380188 0.152952 0.028175 0.076923
1 0.969857 0.215564 0.037567 0.094812
4 0.077728 0.526834 0.155456 0.466905
0 0.183631 0.357782 0.093918 0.164580
0 0.335912 0.518784 0.156977 0.200358
0 0.572719 0.140429 0.069767 0.084079
0 0.238640 0.230769 0.101968 0.114490
0 0.844410 0.114490 0.148927 0.182469
3 0.734392 0.078712 0.063059 0.110912
0 0.545885 0.038462 0.040250 0.059034