1 0.597540 0.853309 0.073792 0.271914
1 0.182290 0.909660 0.101968 0.180680
1 0.594857 0.376565 0.025492 0.148479
1 0.443918 0.411449 0.040250 0.143113
1 0.556619 0.211986 0.018784 0.101968
1 0.521735 0.199463 0.021467 0.076923
1 0.494902 0.249553 0.024150 0.091234
1 0.451968 0.237030 0.018784 0.091234
1 0.321825 0.267442 0.029517 0.098390
1 0.421109 0.165474 0.002683 0.084079
1 0.398971 0.106440 0.014758 0.066190
1 0.850447 0.128801 0.013417 0.064401
1 0.829651 0.111807 0.014758 0.066190
1 0.799463 0.093023 0.013417 0.060823
3 0.885331 0.277281 0.142218 0.182469
4 0.070349 0.555456 0.140698 0.463327
0 0.174911 0.392665 0.087209 0.180680
0 0.229919 0.264758 0.103309 0.121646
0 0.403667 0.275492 0.085868 0.100179
0 0.534481 0.063506 0.049642 0.059034
0 0.257424 0.187835 0.085868 0.150268
0 0.899419 0.101073 0.049642 0.044723
0 0.979562 0.161002 0.040876 0.089445