1 0.48671875 0.7671875 0.09375 0.33046875
1 0.27890625 0.62890625 0.09375 0.2671875
1 0.38203125 0.6890625 0.08984375 0.31015625
3 0.49765625 0.284375 0.19765625 0.4
1 0.33125 0.44765625 0.059375 0.15703125
1 0.5546875 0.56328125 0.04296875 0.221875
1 0.03671875 0.609375 0.0734375 0.221875
1 0.67890625 0.353125 0.03828125 0.17578125
1 0.61484375 0.4203125 0.05546875 0.18359375
1 0.653125 0.209375 0.0203125 0.11875
0 0.69765625 0.0625 0.04609375 0.103125
0 0.64453125 0.0453125 0.0515625 0.090625
0 0.59296875 0.1125 0.0765625 0.17578125
0 0.534375 0.03984375 0.08203125 0.0796875
0 0.45 0.0984375 0.11328125 0.17578125