1 0.499597 0.637746 0.073792 0.252236
1 0.696154 0.847048 0.091234 0.298748
1 0.319812 0.734347 0.079159 0.227191
1 0.322496 0.893560 0.097943 0.209302
1 0.144723 0.906977 0.099284 0.186046
1 0.518381 0.240608 0.044275 0.137746
1 0.412388 0.163685 0.036225 0.123435
1 0.453980 0.119857 0.036225 0.107335
1 0.466726 0.050984 0.024150 0.087657
1 0.567352 0.046512 0.029517 0.085868
1 0.515698 0.041145 0.030859 0.078712
4 0.084436 0.399821 0.168872 0.470483
0 0.206440 0.228980 0.099284 0.175313
0 0.241324 0.184258 0.091234 0.118068
0 0.264132 0.114490 0.112701 0.121646