0 0.305345 0.143914 0.103618 0.126645
0 0.840090 0.037829 0.141859 0.075658
1 0.354071 0.833882 0.109786 0.315789
1 0.312747 0.472862 0.071546 0.235197
1 0.529235 0.724507 0.090049 0.281250
1 0.776562 0.930921 0.128289 0.138158
1 0.695148 0.496711 0.074013 0.197368
1 0.437336 0.537007 0.064145 0.208882
1 0.638405 0.399671 0.059211 0.171053
1 0.740173 0.342105 0.001234 0.000000
1 0.561924 0.365132 0.054276 0.171053
1 0.407113 0.268914 0.055510 0.159539
1 0.516900 0.176809 0.045641 0.116776
1 0.446587 0.150493 0.040707 0.120066
1 0.611883 0.076480 0.040707 0.100329
1 0.410814 0.032895 0.030839 0.065789
1 0.485444 0.032895 0.029605 0.065789
1 0.456456 0.079770 0.038240 0.070724
1 0.525535 0.019737 0.025905 0.039474