0 0.61875 0.71171875 0.26015625 0.271875
0 0.846875 0.4953125 0.13203125 0.128125
0 0.95 0.38984375 0.0921875 0.09296875
0 0.9265625 0.315625 0.04296875 0.046875
0 0.80390625 0.31171875 0.0453125 0.05
0 0.909375 0.7515625 0.18125 0.27890625
0 0.24921875 0.30703125 0.0828125 0.06796875
0 0.31015625 0.28203125 0.05703125 0.0609375
0 0.4390625 0.275 0.05703125 0.053125
0 0.49375 0.26328125 0.05078125 0.05703125
0 0.2578125 0.24765625 0.06171875 0.040625
0 0.1828125 0.23828125 0.0453125 0.05
0 0.159375 0.228125 0.04375 0.05
3 0.86328125 0.296875 0.0625 0.1234375