3 0.1953125 0.4828125 0.2140625 0.678125
0 0.8578125 0.74609375 0.215625 0.3078125
0 0.59453125 0.340625 0.078125 0.1125
0 0.6359375 0.29140625 0.078125 0.090625
0 0.1390625 0.16640625 0.0546875 0.084375
4 0.19375 0.08046875 0.15 0.09375
3 0.034375 0.14453125 0.0578125 0.109375
0 0.73125 0.2375 0.096875 0.08125
3 0.7171875 0.3421875 0.0828125 0.178125
3 0.87890625 0.17734375 0.1421875 0.14375
1 0.26953125 0.20078125 0.04375 0.084375
1 0.30390625 0.1984375 0.04375 0.0796875
1 0.33203125 0.21953125 0.0453125 0.071875
1 0.3609375 0.2078125 0.0390625 0.0859375
1 0.38515625 0.1984375 0.0453125 0.0796875
1 0.471875 0.215625 0.046875 0.075
1 0.49765625 0.20546875 0.053125 0.075
1 0.5890625 0.209375 0.059375 0.0625