0 0.716118 0.311678 0.135691 0.159539
0 0.348520 0.148849 0.096217 0.120066
0 0.632854 0.053454 0.082648 0.097039
1 0.044737 0.721217 0.089474 0.235197
1 0.324465 0.356908 0.045641 0.151316
1 0.453988 0.363487 0.043174 0.161184
1 0.498396 0.310855 0.045641 0.138158
1 0.404646 0.310855 0.053043 0.134868
1 0.530469 0.590461 0.001234 0.000000
1 0.556990 0.154605 0.034539 0.092105
1 0.507648 0.167763 0.024671 0.115132
1 0.471258 0.199013 0.040707 0.128289
1 0.478660 0.076480 0.025905 0.077303
1 0.444120 0.032895 0.016036 0.065789
1 0.622985 0.584704 0.001234 0.004934
1 0.513199 0.023849 0.018503 0.047697