0 0.660609 0.212171 0.081414 0.098684
0 0.522451 0.137336 0.093750 0.202303
0 0.379359 0.176809 0.076480 0.083882
0 0.954893 0.333059 0.090214 0.156250
1 0.436719 0.518914 0.045641 0.162829
1 0.220847 0.765625 0.070312 0.251645
1 0.130798 0.677632 0.062911 0.217105
1 0.075905 0.502467 0.074013 0.129934
1 0.387377 0.315789 0.038240 0.111842
1 0.537870 0.315789 0.035773 0.111842
1 0.460773 0.314967 0.029605 0.113487
1 0.445970 0.286184 0.027138 0.111842
1 0.684663 0.421053 0.001234 0.000000
1 0.618051 0.163651 0.025905 0.074013