0 0.698232 0.704770 0.208470 0.324013
0 0.704400 0.305921 0.141859 0.184211
0 0.654441 0.120888 0.083882 0.083882
0 0.587212 0.018092 0.055510 0.036184
0 0.379975 0.085526 0.075247 0.082237
1 0.481127 0.593750 0.060444 0.220395
1 0.964762 0.786184 0.070476 0.289474
1 0.193092 0.763158 0.115954 0.286184
1 0.225781 0.889803 0.094984 0.220394
1 0.356538 0.958059 0.080181 0.083882
1 0.253536 0.571546 0.064145 0.175987
1 0.117229 0.449836 0.092516 0.166118
1 0.434868 0.424342 0.059211 0.184211
1 0.512582 0.218750 0.037007 0.115132
1 0.389227 0.162829 0.034539 0.108553
1 0.518750 0.099507 0.032072 0.087171
1 0.469408 0.041118 0.024671 0.069079
1 0.547122 0.055921 0.024671 0.072368