4 0.788898 0.398026 0.271382 0.453947
0 0.350987 0.356086 0.123355 0.152961
3 0.540954 0.406250 0.120888 0.266447
0 0.449671 0.138980 0.128289 0.100329
1 0.531086 0.633774 0.069079 0.209426
1 0.457619 0.365527 0.039221 0.129470
1 0.444967 0.287945 0.030997 0.100793
1 0.565318 0.257791 0.026885 0.026991
1 0.528786 0.244718 0.029099 0.053981
1 0.500635 0.256948 0.023406 0.030364
1 0.441172 0.237970 0.024671 0.063259
1 0.463312 0.239025 0.020876 0.071272
1 0.420138 0.206552 0.023722 0.086454
1 0.489249 0.199804 0.018345 0.078863
1 0.505222 0.215197 0.018029 0.059885
1 0.591705 0.231992 0.024038 0.090250
1 0.564503 0.214912 0.026569 0.082237
1 0.590914 0.179065 0.022457 0.048499
1 0.637251 0.195091 0.024671 0.082237
1 0.615427 0.174637 0.018345 0.075911
1 0.555647 0.168944 0.035425 0.074646
1 0.606254 0.147014 0.020243 0.067898