1 0.684663 0.593196 0.062911 0.199899
1 0.480510 0.663651 0.069079 0.218750
1 0.401562 0.638158 0.069079 0.210526
1 0.576110 0.908717 0.090049 0.182566
1 0.463432 0.255107 0.030514 0.095741
1 0.783347 0.952303 0.102385 0.095394
0 0.346053 0.352796 0.115954 0.146382
0 0.888199 0.520559 0.171464 0.225329
4 0.667393 0.223684 0.191201 0.282895
3 0.510115 0.203125 0.069079 0.143092
0 0.972163 0.926809 0.055674 0.146382
0 0.967229 0.265625 0.065542 0.100329
1 0.397623 0.195154 0.019927 0.079074
1 0.436290 0.222988 0.019452 0.089195
1 0.561164 0.171267 0.019844 0.069365