1 0.543421 0.946546 0.091283 0.106908
1 0.507031 0.773026 0.085115 0.250000
1 0.484827 0.579770 0.067845 0.205592
1 0.572410 0.458882 0.045641 0.164474
1 0.511965 0.356086 0.055510 0.136513
1 0.596464 0.379934 0.041941 0.134868
1 0.615135 0.323290 0.048428 0.140107
1 0.566250 0.278821 0.036550 0.114522
1 0.465510 0.270902 0.038834 0.118177
1 0.509827 0.213031 0.029697 0.101121
1 0.388584 0.139319 0.026848 0.077399
0 0.761760 0.356086 0.128289 0.159539
0 0.350987 0.296053 0.128289 0.138158
0 0.667393 0.110197 0.072780 0.078947
4 0.471875 0.111842 0.091283 0.151316
0 0.573643 0.094572 0.057977 0.064145