1 0.529852 0.608553 0.076480 0.213816
1 0.424789 0.485859 0.057387 0.173055
1 0.511138 0.426505 0.057387 0.161613
1 0.585955 0.440092 0.062214 0.178776
1 0.600436 0.348818 0.052560 0.125858
1 0.505774 0.303767 0.043443 0.133009
1 0.596950 0.274448 0.044515 0.104405
1 0.592928 0.202937 0.035398 0.101545
1 0.499453 0.172147 0.024273 0.098154
1 0.397259 0.121711 0.026316 0.082237
1 0.517941 0.145011 0.024260 0.089364
1 0.477804 0.125569 0.017554 0.075278
1 0.573688 0.098684 0.025846 0.076754
0 0.780515 0.326417 0.140435 0.151822
0 0.337385 0.262525 0.123355 0.142966
0 0.652415 0.017080 0.066422 0.031630
0 0.567015 0.011387 0.062627 0.022773
1 0.455574 0.109411 0.021989 0.078661