1 0.510115 0.541941 0.059211 0.195724
1 0.507648 0.393914 0.056743 0.136513
1 0.630386 0.230263 0.030839 0.111842
1 0.564391 0.219572 0.039474 0.093750
1 0.668236 0.168997 0.034539 0.097862
1 0.464700 0.250411 0.038240 0.115954
1 0.429544 0.221628 0.039474 0.102796
1 0.499239 0.200658 0.030839 0.092105
1 0.531003 0.164474 0.028988 0.087171
1 0.634313 0.130757 0.029605 0.083882
1 0.577570 0.088405 0.024671 0.064967
1 0.448972 0.141036 0.026521 0.079770
1 0.470559 0.121711 0.022821 0.074013
1 0.490913 0.156661 0.027755 0.064967
0 0.326508 0.295305 0.121112 0.154007
0 0.792455 0.491926 0.001121 0.000000
1 0.109211 0.431743 0.130757 0.116776