1 0.309375 0.3828125 0.0328125 0.1265625
1 0.23984375 0.5671875 0.0359375 0.17421875
1 0.284375 0.61171875 0.04375 0.1953125
1 0.2609375 0.8828125 0.0875 0.234375
1 0.053125 0.746875 0.0640625 0.23984375
1 0.26875 0.35078125 0.02578125 0.13828125
1 0.23984375 0.2703125 0.021875 0.0953125
1 0.24140625 0.165625 0.01953125 0.065625
0 0.48046875 0.44140625 0.09765625 0.21484375
3 0.85546875 0.72109375 0.2890625 0.5578125
3 0.46875 0.19296875 0.1046875 0.19296875
3 0.39140625 0.096875 0.05 0.12109375