3 0.59921875 0.378125 0.14765625 0.29609375
3 0.39765625 0.24296875 0.0703125 0.17734375
3 0.46171875 0.21171875 0.07421875 0.165625
0 0.58125 0.67734375 0.15859375 0.33984375
1 0.221875 0.5515625 0.05078125 0.15859375
1 0.325 0.5609375 0.04140625 0.17734375
1 0.29296875 0.76953125 0.0453125 0.2375
1 0.11328125 0.5984375 0.0515625 0.1734375
1 0.2109375 0.3578125 0.02890625 0.12734375
1 0.25390625 0.365625 0.03515625 0.11953125
1 0.2953125 0.33671875 0.02734375 0.121875
1 0.28046875 0.2046875 0.02421875 0.0796875