1 0.532936 0.694901 0.082648 0.238487
1 0.397245 0.433388 0.055510 0.175987
1 0.626686 0.660362 0.075247 0.235197
1 0.584745 0.410362 0.055510 0.172697
1 0.499630 0.351974 0.050576 0.138158
1 0.584745 0.278783 0.053043 0.126645
1 0.465090 0.237664 0.048109 0.120066
1 0.589062 0.204770 0.037007 0.093750
1 0.448592 0.111999 0.032895 0.083020
1 0.496172 0.109258 0.024671 0.083803
1 0.391320 0.059915 0.031133 0.071272
0 0.817270 0.622533 0.234375 0.268092
0 0.754359 0.269737 0.123355 0.141447
0 0.617434 0.118421 0.096217 0.105263
0 0.330633 0.240954 0.127056 0.146382