0 0.914720 0.105263 0.138158 0.072368
4 0.265872 0.338816 0.256579 0.421053
1 0.427467 0.189967 0.029605 0.113487
1 0.681579 0.408717 0.056743 0.179276
1 0.482360 0.603618 0.080181 0.217105
1 0.769778 0.925987 0.102385 0.148026
1 0.523684 0.946546 0.103618 0.106908
1 0.633470 0.259868 0.039474 0.131579
1 0.581661 0.199013 0.034539 0.108553
1 0.516283 0.222039 0.041941 0.118421
1 0.512582 0.153783 0.034539 0.074013
1 0.013898 0.188322 0.027796 0.120066
1 0.089474 0.709704 0.000000 0.001645
1 0.531702 0.072368 0.025905 0.088816
1 0.586595 0.047697 0.029605 0.085526