1 0.637788 0.933388 0.097451 0.133224
1 0.473109 0.843750 0.076480 0.259868
1 0.794449 0.695724 0.085115 0.230263
1 0.508882 0.465461 0.061678 0.167763
1 0.433635 0.301809 0.046875 0.123355
1 0.646423 0.284539 0.035773 0.115132
1 0.503331 0.197368 0.028372 0.098684
1 0.626686 0.212993 0.028372 0.093750
1 0.461390 0.164474 0.038240 0.085526
1 0.552070 0.156593 0.024644 0.074698
0 0.621997 0.067935 0.045588 0.055778
0 0.590890 0.018235 0.038079 0.036470
0 0.418192 0.019308 0.050951 0.038616
0 0.818503 0.157072 0.078947 0.093750
0 0.896834 0.204770 0.131990 0.077303
0 0.018215 0.302632 0.036430 0.138158
0 0.042599 0.158717 0.081414 0.077303
0 0.074815 0.175987 0.047163 0.095395
0 0.033943 0.070724 0.058594 0.072368
1 0.517126 0.116365 0.022204 0.066612