1 0.084347 0.705725 0.080501 0.298748
1 0.464043 0.402504 0.088551 0.203936
1 0.729696 0.552773 0.080501 0.257603
1 0.621020 0.398032 0.069767 0.202147
1 0.661941 0.315742 0.063059 0.202147
1 0.312433 0.275492 0.064401 0.200358
1 0.407692 0.048301 0.040250 0.096601
1 0.359392 0.036673 0.032200 0.073345
1 0.467397 0.037567 0.038909 0.075134
1 0.559302 0.089445 0.032200 0.114490
1 0.546556 0.037567 0.038909 0.075134
0 0.716950 0.142218 0.143560 0.177102
0 0.268157 0.030411 0.110018 0.060822
0 0.661941 0.010733 0.119410 0.021466
0 0.378846 0.741503 0.272361 0.474061