0 0.173972 0.554276 0.139391 0.161184
0 0.602632 0.291941 0.059211 0.074013
0 0.300411 0.257401 0.093750 0.087171
1 0.497780 0.546875 0.044408 0.123355
1 0.387377 0.564967 0.038240 0.129934
1 0.308429 0.547697 0.045641 0.128289
1 0.122163 0.962171 0.055510 0.075658
1 0.450905 0.466283 0.029605 0.100329
1 0.344946 0.480177 0.031163 0.103878
1 0.369941 0.423909 0.025320 0.074446
1 0.440448 0.308936 0.019294 0.059042
1 0.468598 0.291856 0.018661 0.056090
1 0.501968 0.305984 0.018978 0.061572
1 0.563610 0.283222 0.022141 0.055246
1 0.399067 0.287673 0.040371 0.054825
1 0.360892 0.290792 0.042536 0.056715