3 0.38125 0.47109375 0.08515625 0.2609375
3 0.31796875 0.14140625 0.03125 0.0765625
0 0.721875 0.465625 0.075 0.0953125
0 0.5109375 0.51015625 0.071875 0.12890625
0 0.43671875 0.18515625 0.01796875 0.04140625
0 0.684375 0.3109375 0.05546875 0.0953125
0 0.28203125 0.25 0.03828125 0.06015625
1 0.58671875 0.38203125 0.021875 0.0640625
1 0.64765625 0.52890625 0.02421875 0.09921875
1 0.7171875 0.5828125 0.02421875 0.10234375
1 0.7921875 0.50625 0.02421875 0.09140625
1 0.6265625 0.36015625 0.0265625 0.0703125
1 0.56328125 0.278125 0.0203125 0.0609375
1 0.16953125 0.2421875 0.028125 0.05625