0 0.174589 0.563322 0.138158 0.143092
0 0.559457 0.430921 0.088816 0.092105
1 0.331492 0.526848 0.043016 0.114288
1 0.392695 0.501334 0.033211 0.106275
1 0.443461 0.547724 0.034160 0.114710
1 0.472402 0.504286 0.033211 0.107962
1 0.356954 0.446509 0.023722 0.086032
1 0.377355 0.419519 0.024671 0.075911
1 0.427804 0.412982 0.025620 0.078020
1 0.480626 0.404336 0.021824 0.078441
1 0.465443 0.386413 0.016131 0.072959
1 0.319473 0.398643 0.024671 0.070428
1 0.337660 0.442924 0.000316 0.000422
1 0.292430 0.376924 0.026885 0.065789
1 0.494925 0.356600 0.022299 0.058831
1 0.418777 0.358497 0.025620 0.065157
1 0.537625 0.345213 0.023248 0.062627
1 0.607606 0.340152 0.019927 0.058831
1 0.388295 0.302854 0.020162 0.056251
1 0.477179 0.299006 0.029717 0.051585
1 0.523438 0.310967 0.037007 0.056071
1 0.408301 0.294129 0.018733 0.047233
1 0.370070 0.259959 0.031086 0.038816
1 0.606574 0.314725 0.043332 0.055246