3 0.4484375 0.55625 0.10390625 0.33828125
3 0.69140625 0.21171875 0.0859375 0.16171875
3 0.1125 0.290625 0.203125 0.15234375
1 0.19296875 0.5484375 0.04375 0.13125
1 0.32734375 0.3515625 0.02578125 0.09609375
1 0.35859375 0.26640625 0.021875 0.0734375
1 0.409375 0.21796875 0.015625 0.0703125
1 0.38984375 0.1984375 0.01796875 0.06796875
1 0.80234375 0.17421875 0.01640625 0.06796875
0 0.56640625 0.3640625 0.0625 0.140625
0 0.5375 0.16328125 0.028125 0.06484375
0 0.49609375 0.13046875 0.02265625 0.05625