1 0.0875 0.63046875 0.171875 0.1734375
1 0.24296875 0.57578125 0.04375 0.08671875
1 0.93984375 0.60625 0.03359375 0.05546875
1 0.38125 0.58359375 0.04765625 0.14765625
1 0.5 0.59921875 0.034375 0.1140625
1 0.67265625 0.7375 0.0921875 0.27421875
1 0.80546875 0.72734375 0.08984375 0.24609375
1 0.75703125 0.5953125 0.0296875 0.046875
1 0.85859375 0.60390625 0.02734375 0.08203125
1 0.8765625 0.61171875 0.02109375 0.06953125
1 0.8984375 0.60859375 0.02578125 0.07265625
1 0.91796875 0.61171875 0.0203125 0.07421875