0 0.96640625 0.59375 0.03359375 0.0375
1 0.43828125 0.5921875 0.04609375 0.11875
1 0.31015625 0.57578125 0.04765625 0.08828125
1 0.28984375 0.57421875 0.09140625 0.0984375
1 0.55625 0.5921875 0.046875 0.109375
1 0.6046875 0.5984375 0.03515625 0.084375
1 0.653125 0.5984375 0.0328125 0.1078125
1 0.74453125 0.7234375 0.11171875 0.2875
1 0.88203125 0.73515625 0.10234375 0.25234375
1 0.81640625 0.61953125 0.03359375 0.09453125
1 0.921875 0.61484375 0.0390625 0.10390625
1 0.3953125 0.59765625 0.05 0.15703125