3 0.66875 0.53515625 0.07890625 0.20859375
1 0.1078125 0.6078125 0.1078125 0.23046875
1 0.73046875 0.7421875 0.128125 0.26015625
1 0.31015625 0.575 0.046875 0.090625
1 0.24140625 0.59375 0.06015625 0.16015625
1 0.94921875 0.6140625 0.03203125 0.0765625
1 0.9890625 0.60078125 0.0171875 0.0453125
1 0.4390625 0.67265625 0.0 0.27421875
1 0.525 0.60078125 0.03984375 0.128125
1 0.5640625 0.6125 0.02890625 0.1171875
1 0.59375 0.6 0.0375 0.09296875
1 0.8671875 0.72734375 0.0890625 0.24609375
1 0.81640625 0.60546875 0.0375 0.09375