1 0.443247 0.606440 0.071109 0.254025
1 0.620349 0.732558 0.079159 0.305903
1 0.846422 0.555456 0.104651 0.266547
1 0.533140 0.415027 0.063059 0.211091
1 0.311091 0.361360 0.075134 0.193202
1 0.313104 0.218247 0.057692 0.139535
1 0.556619 0.203041 0.037567 0.152057
1 0.611628 0.144007 0.034884 0.127013
1 0.653220 0.053667 0.026834 0.100179
1 0.549911 0.084079 0.045617 0.110912
1 0.409705 0.084079 0.041592 0.125224
0 0.777996 0.268336 0.152952 0.186047
0 0.867889 0.047406 0.101968 0.094812
0 0.172227 0.879249 0.291145 0.241502