0 0.784034 0.219141 0.130143 0.148479
1 0.299016 0.083184 0.037567 0.116279
1 0.445259 0.071556 0.040250 0.110912
1 0.517710 0.149374 0.040250 0.123435
1 0.215832 0.323792 0.053667 0.175313
1 0.337254 0.389088 0.063059 0.187835
1 0.428488 0.560823 0.079159 0.227191
1 0.543202 0.537567 0.075134 0.234347
1 0.625045 0.909660 0.115385 0.180680
1 0.736404 0.692308 0.088551 0.271914
1 0.652549 0.335420 0.046959 0.177102
1 0.544544 0.305903 0.042934 0.175313
1 0.437209 0.279070 0.050984 0.150268
1 0.542531 0.202147 0.055009 0.125224
1 0.034705 0.041145 0.040250 0.082290