1 0.285599 0.912343 0.096601 0.175313
1 0.043515 0.939177 0.087030 0.121646
1 0.814893 0.651163 0.081843 0.264758
1 0.641816 0.474061 0.065742 0.211091
1 0.585465 0.585868 0.079159 0.234347
1 0.433855 0.585868 0.071109 0.223614
1 0.563998 0.379249 0.052326 0.164580
1 0.421109 0.265653 0.048301 0.148479
1 0.209123 0.331843 0.056351 0.159213
1 0.493560 0.049195 0.029517 0.087657
1 0.445259 0.019678 0.026834 0.039356
1 0.359392 0.041145 0.026834 0.075134
1 0.050805 0.188730 0.048301 0.127013
1 0.036046 0.052773 0.037567 0.098390
0 0.855814 0.409660 0.190519 0.196780