1 0.3625 0.6578125 0.084375 0.29765625
1 0.5828125 0.10859375 0.04765625 0.1125
1 0.503125 0.5203125 0.04375 0.19140625
1 0.44375 0.69921875 0.07421875 0.30859375
1 0.57265625 0.409375 0.0484375 0.18046875
1 0.60546875 0.50625 0.03984375 0.19453125
1 0.44296875 0.46796875 0.0609375 0.1484375
1 0.43203125 0.06484375 0.03046875 0.07734375
1 0.18515625 0.5 0.07265625 0.240625
1 0.35546875 0.21875 0.04609375 0.153125
1 0.58671875 0.16640625 0.02421875 0.1140625
1 0.46328125 0.209375 0.04765625 0.1375