0 0.4953125 0.25078125 0.14453125 0.2796875
0 0.725 0.109375 0.07265625 0.20390625
0 0.628125 0.05390625 0.0765625 0.10703125
1 0.0609375 0.79609375 0.1125 0.33984375
1 0.2203125 0.62734375 0.09765625 0.2609375
1 0.2890625 0.41328125 0.05859375 0.21875
1 0.4015625 0.26640625 0.05546875 0.16484375
1 0.325 0.8375 0.10390625 0.2703125
1 0.4453125 0.8640625 0.1046875 0.240625
1 0.41328125 0.5390625 0.0796875 0.2390625
1 0.553125 0.43203125 0.0515625 0.20078125
1 0.6390625 0.41640625 0.0484375 0.19765625
1 0.5859375 0.30078125 0.04375 0.1296875
1 0.4828125 0.609375 0.0828125 0.21015625