1 0.422451 0.300537 0.067084 0.178891
1 0.678041 0.446333 0.073792 0.212880
1 0.577415 0.285331 0.052326 0.177102
1 0.618336 0.219141 0.045617 0.137746
1 0.568023 0.127907 0.041592 0.152057
1 0.516368 0.207513 0.053667 0.164580
1 0.466055 0.173524 0.049642 0.161002
1 0.409034 0.054562 0.029517 0.109123
1 0.433855 0.116279 0.033542 0.135957
1 0.487522 0.054562 0.038909 0.109123
1 0.714267 0.109123 0.044275 0.135957
0 0.222540 0.244186 0.150268 0.162791
0 0.040832 0.075134 0.081664 0.150268
0 0.156216 0.832737 0.312432 0.334526