1 0.109375 0.78125 0.10390625 0.31796875
1 0.31640625 0.91328125 0.11796875 0.17265625
1 0.5109375 0.68359375 0.078125 0.28125
1 0.57109375 0.4640625 0.05 0.19296875
1 0.65078125 0.2328125 0.03046875 0.1265625
1 0.72734375 0.228125 0.028125 0.1140625
3 0.4453125 0.37890625 0.253125 0.4921875
0 0.58671875 0.11875 0.0953125 0.18828125
0 0.69296875 0.08515625 0.053125 0.1359375
0 0.6515625 0.04296875 0.059375 0.0859375
1 0.7546875 0.26875 0.028125 0.1296875
1 0.66953125 0.38125 0.02734375 0.15703125