1 0.54453125 0.7078125 0.08125 0.2703125
1 0.04140625 0.76484375 0.0828125 0.28671875
1 0.465625 0.53359375 0.07578125 0.259375
0 0.30703125 0.5046875 0.2609375 0.521875
0 0.675 0.13359375 0.075 0.16796875
0 0.64296875 0.04453125 0.059375 0.08671875
1 0.6078125 0.45859375 0.046875 0.19140625
1 0.7140625 0.2578125 0.02734375 0.1171875
1 0.2875 0.865625 0.09453125 0.26875
1 0.534375 0.32734375 0.04765625 0.16328125
1 0.675 0.3390625 0.034375 0.153125
1 0.46171875 0.24765625 0.04609375 0.140625
0 0.7078125 0.05625 0.05546875 0.109375
0 0.5375 0.046875 0.0796875 0.09140625
1 0.77734375 0.16953125 0.0390625 0.08046875