1 0.588819 0.844365 0.126118 0.311270
1 0.762567 0.830054 0.092576 0.307692
1 0.720304 0.598390 0.080501 0.212880
1 0.490877 0.686941 0.104651 0.268336
1 0.410376 0.535778 0.088551 0.227191
1 0.676029 0.369410 0.056351 0.202147
1 0.808184 0.237925 0.046959 0.168157
1 0.635778 0.215564 0.056351 0.177102
1 0.573390 0.242397 0.060376 0.177102
1 0.455993 0.305009 0.064401 0.169946
1 0.444589 0.169052 0.041592 0.105546
1 0.407021 0.106440 0.049642 0.141324
0 0.570707 0.059034 0.122093 0.100179
0 0.091816 0.891771 0.183631 0.216458
0 0.046780 0.030411 0.085868 0.053667
1 0.059526 0.105546 0.044275 0.132379
1 0.311762 0.076029 0.044275 0.127013
1 0.446601 0.060823 0.029517 0.110912