1 0.22578125 0.63125 0.053125 0.259375
1 0.2734375 0.7203125 0.08828125 0.31484375
1 0.38125 0.7171875 0.0765625 0.32265625
1 0.459375 0.54296875 0.0671875 0.2625
1 0.49296875 0.84453125 0.04921875 0.28203125
1 0.53046875 0.46015625 0.03828125 0.16953125
1 0.3203125 0.45546875 0.03515625 0.20390625
1 0.59296875 0.5984375 0.04609375 0.2375
0 0.496875 0.2078125 0.15234375 0.31328125
0 0.6625 0.0421875 0.053125 0.084375
1 0.17109375 0.4421875 0.05078125 0.20859375
1 0.05078125 0.68203125 0.0703125 0.2625