1 0.22578125 0.63125 0.053125 0.259375
1 0.2734375 0.7203125 0.08828125 0.31484375
1 0.38125 0.7171875 0.0765625 0.32265625
1 0.459375 0.54296875 0.0671875 0.2625
1 0.49296875 0.84453125 0.04921875 0.28203125
1 0.53046875 0.46015625 0.03828125 0.16953125
1 0.3203125 0.45546875 0.03515625 0.20390625
1 0.59296875 0.5984375 0.04609375 0.2375
0 0.4875 0.225 0.159375 0.33046875
0 0.64453125 0.06875 0.06953125 0.13671875
1 0.32109375 0.2015625 0.0390625 0.134375
1 0.08359375 0.71015625 0.06875 0.28359375
1 0.25234375 0.3421875 0.06484375 0.18046875