1 0.22578125 0.63125 0.053125 0.259375
1 0.2734375 0.7203125 0.08828125 0.31484375
1 0.38125 0.7171875 0.0765625 0.32265625
1 0.459375 0.54296875 0.0671875 0.2625
1 0.4875 0.84453125 0.059375 0.28203125
1 0.53046875 0.46015625 0.03828125 0.16953125
1 0.3203125 0.45546875 0.03515625 0.20390625
1 0.59296875 0.5984375 0.04609375 0.2375
0 0.4875 0.225 0.159375 0.33046875
0 0.60234375 0.11640625 0.090625 0.19921875
1 0.7125 0.30546875 0.0296875 0.1421875
1 0.24609375 0.3390625 0.06328125 0.18984375
1 0.725 0.090625 0.0203125 0.08828125
1 0.78515625 0.1703125 0.05078125 0.07265625