1 0.22578125 0.63125 0.053125 0.259375
1 0.2734375 0.7203125 0.08828125 0.31484375
1 0.38125 0.7171875 0.0765625 0.32265625
1 0.459375 0.54296875 0.0671875 0.2625
1 0.4875 0.84453125 0.059375 0.28203125
1 0.53046875 0.46015625 0.03828125 0.16953125
1 0.3203125 0.45546875 0.03515625 0.20390625
1 0.59296875 0.5984375 0.04609375 0.2375
0 0.4875 0.225 0.159375 0.33046875
0 0.60234375 0.11640625 0.090625 0.19921875
1 0.7125 0.30546875 0.0296875 0.1421875
0 0.3625 0.1796875 0.13984375 0.20859375
1 0.09609375 0.41171875 0.065625 0.18515625
1 0.03046875 0.5671875 0.0609375 0.16796875
1 0.021875 0.78046875 0.04140625 0.19296875