1 0.50234375 0.82109375 0.10078125 0.3578125
1 0.4125 0.71796875 0.096875 0.31171875
1 0.24296875 0.67109375 0.08125 0.30546875
1 0.321875 0.48828125 0.07734375 0.2265625
1 0.5921875 0.65 0.06171875 0.228125
0 0.47734375 0.2625 0.1578125 0.32734375
1 0.021875 0.753125 0.04375 0.23046875
1 0.24375 0.32890625 0.06875 0.17265625
1 0.628125 0.24140625 0.02734375 0.13125
0 0.63828125 0.053125 0.065625 0.10625
1 0.7390625 0.1078125 0.0171875 0.08359375
1 0.828125 0.22578125 0.04609375 0.115625
1 0.66875 0.15625 0.01953125 0.1171875