1 0.50234375 0.82109375 0.10078125 0.3578125
1 0.4125 0.71796875 0.096875 0.31171875
1 0.24296875 0.67109375 0.08125 0.30546875
1 0.321875 0.48828125 0.07734375 0.2265625
1 0.5921875 0.65 0.06171875 0.228125
0 0.47734375 0.2625 0.1578125 0.32734375
0 0.6015625 0.09296875 0.084375 0.18203125
1 0.63671875 0.42578125 0.0328125 0.18828125
0 0.64765625 0.040625 0.0484375 0.08125
0 0.65 0.1765625 0.09453125 0.20859375
1 0.7078125 0.29609375 0.02734375 0.1546875
1 0.27421875 0.21796875 0.0453125 0.1296875
1 0.396875 0.15625 0.04296875 0.1171875
1 0.81015625 0.20859375 0.046875 0.1109375
1 0.72734375 0.0921875 0.01875 0.08828125