1 0.49453125 0.8265625 0.103125 0.34609375
1 0.40859375 0.71796875 0.09765625 0.33046875
1 0.2421875 0.68515625 0.08125 0.30546875
1 0.321875 0.48828125 0.07734375 0.2265625
1 0.58984375 0.65 0.065625 0.228125
0 0.47734375 0.2625 0.1578125 0.32734375
0 0.58671875 0.1078125 0.084375 0.18203125
1 0.63671875 0.42578125 0.0328125 0.18828125
0 0.628125 0.040625 0.059375 0.08125
0 0.65 0.1765625 0.09453125 0.20859375
1 0.6875 0.38359375 0.0328125 0.17109375
1 0.1140625 0.8078125 0.096875 0.3625
1 0.7171875 0.31015625 0.02421875 0.1296875