1 0.48203125 0.89140625 0.0734375 0.2171875
1 0.56953125 0.66328125 0.04765625 0.24375
1 0.58828125 0.40703125 0.0421875 0.16015625
0 0.40234375 0.528125 0.3140625 0.79921875
0 0.53359375 0.1921875 0.090625 0.18984375
1 0.653125 0.42578125 0.02734375 0.17578125
0 0.5921875 0.1125 0.0875 0.225
0 0.6625 0.03125 0.03984375 0.06171875
1 0.71640625 0.2921875 0.025 0.13125
1 0.22890625 0.653125 0.03984375 0.23125
1 0.79296875 0.171875 0.03515625 0.09375
1 0.7390625 0.10546875 0.021875 0.08828125
1 0.65234375 0.1078125 0.053125 0.09296875
3 0.05859375 0.61484375 0.11640625 0.7703125