1 0.5421875 0.73359375 0.05625 0.2671875
1 0.58828125 0.40703125 0.0421875 0.16015625
0 0.3734375 0.57734375 0.33984375 0.84296875
0 0.5234375 0.2046875 0.090625 0.18984375
1 0.62578125 0.49921875 0.03359375 0.21171875
0 0.5921875 0.1125 0.0875 0.225
1 0.71796875 0.2890625 0.025 0.13125
1 0.28828125 0.2890625 0.04609375 0.1375
0 0.72265625 0.0734375 0.05625 0.146875
1 0.678125 0.32734375 0.02734375 0.16015625
1 0.54296875 0.0734375 0.0265625 0.08203125
1 0.39296875 0.16953125 0.0359375 0.08671875