1 0.07109375 0.69765625 0.08984375 0.28125
1 0.47734375 0.82421875 0.09296875 0.28984375
1 0.4453125 0.61640625 0.07109375 0.2421875
1 0.2734375 0.3265625 0.06171875 0.109375
1 0.4 0.23984375 0.059375 0.13125
1 0.5921875 0.3265625 0.034375 0.16484375
1 0.671875 0.34921875 0.03984375 0.14375
1 0.64140625 0.2953125 0.02578125 0.15625
0 0.821875 0.18515625 0.13828125 0.23125
0 0.5140625 0.22734375 0.15078125 0.33828125
0 0.2359375 0.67109375 0.31328125 0.6328125
0 0.6125 0.05390625 0.06171875 0.1046875