1 0.29140625 0.90859375 0.10859375 0.18203125
1 0.375 0.59921875 0.0765625 0.29140625
1 0.43515625 0.66484375 0.0921875 0.33046875
1 0.4640625 0.3671875 0.04609375 0.17265625
1 0.51015625 0.415625 0.03828125 0.19609375
1 0.5484375 0.5265625 0.05859375 0.19765625
1 0.6390625 0.44140625 0.05 0.21640625
1 0.6015625 0.32890625 0.0453125 0.18515625
1 0.67265625 0.17421875 0.02578125 0.1296875
0 0.13359375 0.7453125 0.2671875 0.509375
0 0.58125 0.11484375 0.09375 0.19921875
0 0.6265625 0.06875 0.053125 0.1375
0 0.71796875 0.06953125 0.05390625 0.1390625
0 0.66953125 0.0328125 0.04140625 0.065625