0 0.328533 0.554562 0.203936 0.286225
0 0.619678 0.346154 0.152952 0.270125
0 0.741771 0.884615 0.322004 0.230769
1 0.178265 0.405188 0.064401 0.202147
1 0.433855 0.355993 0.049642 0.175313
1 0.290966 0.342576 0.053667 0.134168
1 0.226565 0.216458 0.042934 0.139535
1 0.268157 0.245081 0.045617 0.139535
1 0.313245 0.283840 0.043605 0.137150
1 0.456917 0.232409 0.046959 0.138640
1 0.405486 0.172033 0.035778 0.140131
1 0.525089 0.198569 0.030859 0.143113
1 0.627057 0.133274 0.038909 0.116279
1 0.480814 0.087657 0.020125 0.103757
1 0.276878 0.073345 0.028175 0.110912
1 0.612299 0.056351 0.028175 0.080501
1 0.081664 0.959750 0.096601 0.080500