1 0.756529 0.870304 0.096601 0.259392
0 0.257424 0.886404 0.303220 0.227191
3 0.319812 0.413238 0.202594 0.461538
0 0.033453 0.238819 0.066905 0.159213
0 0.387567 0.149374 0.115385 0.112701
0 0.585465 0.186941 0.116726 0.148479
0 0.566682 0.073345 0.097943 0.103757
0 0.432513 0.030411 0.073792 0.060822
1 0.622361 0.443649 0.059034 0.196780
1 0.956753 0.792487 0.086494 0.296959
1 0.707558 0.405188 0.052326 0.173524
1 0.528444 0.305903 0.048301 0.161002
1 0.490206 0.217352 0.041592 0.148479
1 0.478131 0.106440 0.041592 0.109123
1 0.706216 0.200358 0.041592 0.121646
1 0.765921 0.216458 0.037567 0.114490
1 0.694141 0.093023 0.030859 0.107335