0 0.680054 0.532200 0.187835 0.255814
0 0.623032 0.305009 0.127460 0.144902
0 0.583453 0.156530 0.091234 0.119857
4 0.073703 0.437388 0.147406 0.431127
0 0.099106 0.788909 0.195886 0.271914
0 0.191682 0.301431 0.088551 0.166369
0 0.248032 0.178891 0.096601 0.135957
0 0.888014 0.201252 0.107335 0.101968
1 0.318470 0.891771 0.103309 0.216458
1 0.549911 0.965116 0.077818 0.069767
1 0.417084 0.708408 0.059034 0.250447
1 0.504293 0.618962 0.067084 0.236136
1 0.354025 0.627907 0.072451 0.218247
1 0.400984 0.512522 0.053667 0.159213
1 0.268828 0.522361 0.063059 0.193202
1 0.307066 0.311270 0.042934 0.132379
1 0.419767 0.331843 0.042934 0.134168
1 0.439893 0.239714 0.034884 0.100179
1 0.498927 0.160107 0.037567 0.084079
1 0.405009 0.197674 0.034884 0.112701
1 0.889356 0.082290 0.024150 0.071556
1 0.974553 0.155635 0.030859 0.096601
1 0.411717 0.093918 0.026834 0.076923
1 0.535152 0.053667 0.024150 0.071556