1 0.53046875 0.696875 0.04609375 0.28203125
1 0.43984375 0.62734375 0.075 0.2390625
1 0.21484375 0.528125 0.08828125 0.17265625
1 0.128125 0.48828125 0.0796875 0.121875
1 0.33515625 0.41484375 0.07109375 0.19140625
1 0.39375 0.28828125 0.053125 0.1421875
1 0.4984375 0.35 0.05625 0.1109375
1 0.6 0.41015625 0.03984375 0.15703125
1 0.6640625 0.38515625 0.03828125 0.17109375
1 0.7125 0.253125 0.025 0.1234375
0 0.546875 0.1671875 0.103125 0.21796875
0 0.7125 0.071875 0.05 0.14375
0 0.11875 0.759375 0.23671875 0.48125