1 0.181990 0.330592 0.061678 0.151316
1 0.402927 0.155075 0.037888 0.096335
1 0.449801 0.054825 0.030839 0.090461
1 0.387610 0.092516 0.028783 0.089090
1 0.334413 0.082579 0.029297 0.082922
1 0.293882 0.121420 0.036281 0.078367
1 0.289165 0.171246 0.048616 0.083204
1 0.297147 0.231231 0.039909 0.121904
1 0.023150 0.558388 0.046299 0.208882
0 0.044120 0.271382 0.088240 0.161184
0 0.328783 0.405428 0.170230 0.225329
0 0.406497 0.856908 0.286184 0.286184
0 0.066941 0.832237 0.133882 0.328947
4 0.819737 0.157072 0.229441 0.310855