4 0.68984375 0.35234375 0.0828125 0.15546875
0 0.915625 0.775 0.16796875 0.35625
0 0.321875 0.440625 0.06484375 0.16484375
3 0.3890625 0.4546875 0.05703125 0.16640625
3 0.33671875 0.703125 0.08359375 0.22265625
3 0.15703125 0.45546875 0.02734375 0.09609375
3 0.09609375 0.56171875 0.0390625 0.1109375
3 0.55703125 0.4421875 0.03671875 0.11015625
0 0.5921875 0.37421875 0.03828125 0.09609375
1 0.88984375 0.540625 0.034375 0.08203125
1 0.8171875 0.45078125 0.02578125 0.08671875
1 0.87421875 0.46328125 0.02578125 0.0796875