3 0.715625 0.35703125 0.03359375 0.10703125
3 0.15703125 0.63203125 0.1359375 0.2796875
3 0.371875 0.44140625 0.0703125 0.171875
3 0.2578125 0.409375 0.05859375 0.11484375
1 0.07109375 0.628125 0.0390625 0.11328125
1 0.71875 0.50390625 0.0265625 0.08515625
1 0.89609375 0.59765625 0.03359375 0.1140625
0 0.8140625 0.58359375 0.08125 0.1171875
0 0.41640625 0.5703125 0.05546875 0.12421875
0 0.4453125 0.42578125 0.025 0.07890625
0 0.796875 0.83046875 0.13984375 0.23984375
3 0.58359375 0.36328125 0.03515625 0.090625