1 0.626686 0.578125 0.072780 0.228618
1 0.495312 0.663651 0.083882 0.241776
1 0.433018 0.496711 0.065378 0.213816
1 0.578577 0.268092 0.055510 0.148026
1 0.730304 0.355263 0.003701 0.003289
1 0.724753 0.193257 0.069079 0.129934
1 0.291160 0.161184 0.050576 0.118421
1 0.317681 0.295230 0.000000 0.001645
1 0.429934 0.228618 0.039474 0.128289
1 0.474342 0.203125 0.037007 0.126645
1 0.416365 0.146382 0.049342 0.092105
1 0.505798 0.162829 0.035773 0.108553
1 0.565008 0.078125 0.040707 0.097039
1 0.521834 0.124178 0.040707 0.097039
1 0.488528 0.047697 0.028372 0.095394
1 0.408964 0.031250 0.034539 0.062500
0 0.839474 0.036184 0.135691 0.072368