1 0.405263 0.610197 0.069079 0.233553
1 0.762377 0.642270 0.080181 0.251645
1 0.734622 0.874178 0.108553 0.251644
1 0.528618 0.862664 0.101151 0.254934
1 0.525535 0.250000 0.045641 0.138158
1 0.637788 0.388158 0.001234 0.000000
1 0.376275 0.275493 0.045641 0.136513
1 0.581044 0.111020 0.035773 0.103618
1 0.463857 0.118421 0.028372 0.101974
1 0.428701 0.088816 0.024671 0.092105
1 0.550822 0.017270 0.022204 0.034539
1 0.457072 0.027961 0.032072 0.055921
0 0.339885 0.021382 0.069079 0.036184
0 0.837007 0.055921 0.125822 0.078947