0 0.278824 0.666941 0.215872 0.271382
0 0.075288 0.151316 0.109786 0.111842
0 0.446587 0.046875 0.065378 0.064145
0 0.530469 0.105263 0.001234 0.000000
0 0.811102 0.081414 0.115954 0.070724
1 0.686513 0.736842 0.076480 0.243421
1 0.547738 0.867599 0.087582 0.254934
1 0.636554 0.483553 0.065378 0.171053
1 0.572410 0.319901 0.043174 0.129934
1 0.671711 0.209704 0.032072 0.103618
1 0.516283 0.236020 0.029605 0.103618
1 0.551439 0.207237 0.030839 0.105263
1 0.388610 0.148026 0.030839 0.088816
1 0.474342 0.171053 0.032072 0.095395
1 0.588446 0.152961 0.030839 0.092105
1 0.563775 0.036184 0.020970 0.062500
1 0.379975 0.100329 0.028372 0.078947
1 0.428084 0.120066 0.001234 0.000000