0 0.338651 0.324013 0.115954 0.125000
0 0.416982 0.095395 0.062911 0.069079
0 0.446587 0.017270 0.030839 0.034539
0 0.595230 0.051809 0.037007 0.044408
0 0.815419 0.156250 0.114720 0.069079
1 0.611883 0.768092 0.077714 0.223684
1 0.527385 0.492599 0.056743 0.149671
1 0.978947 0.688322 0.042105 0.235197
1 0.672327 0.284539 0.038240 0.101974
1 0.563775 0.365132 0.040707 0.128289
1 0.654441 0.438322 0.000000 0.001645
1 0.428701 0.339638 0.034539 0.113487
1 0.624836 0.224507 0.029605 0.087171
1 0.480510 0.313322 0.029605 0.116776
1 0.436719 0.449836 0.001234 0.001645
1 0.565008 0.180921 0.025905 0.078947
1 0.505181 0.206414 0.022204 0.067434
1 0.534169 0.157072 0.020970 0.083882
1 0.531702 0.237664 0.001234 0.001645
1 0.490378 0.172697 0.029605 0.082237
1 0.040132 0.167763 0.029605 0.075658
0 0.082689 0.071546 0.045641 0.044408