1 0.637788 0.818257 0.077714 0.248355
1 0.491612 0.864309 0.101151 0.264803
1 0.668010 0.971217 0.076480 0.057566
1 0.386143 0.949836 0.094984 0.100328
1 0.387377 0.669408 0.060444 0.207237
1 0.575493 0.563322 0.051809 0.182566
1 0.508265 0.516447 0.050576 0.171053
1 0.651974 0.423520 0.039474 0.146382
1 0.581128 0.392788 0.033252 0.125858
1 0.475740 0.407090 0.043443 0.148741
1 0.510870 0.348809 0.027889 0.123713
1 0.609017 0.339513 0.033252 0.117992
1 0.565039 0.297349 0.035398 0.112271
1 0.632348 0.292343 0.037007 0.117992
1 0.469036 0.289938 0.035398 0.086527
1 0.443960 0.256817 0.035059 0.097819
1 0.637948 0.174289 0.026351 0.071614
0 0.545085 0.169969 0.096441 0.083732
0 0.702083 0.216320 0.085227 0.104665
0 0.790748 0.351151 0.129523 0.133224
0 0.849959 0.538651 0.220806 0.337171
0 0.350370 0.361020 0.124589 0.152961
0 0.974013 0.267270 0.051974 0.106908
0 0.906086 0.217105 0.076480 0.075658
0 0.332484 0.109375 0.251645 0.133224
0 0.657525 0.087171 0.067845 0.055921