1 0.294778 0.848849 0.090666 0.277961
1 0.467167 0.760855 0.070312 0.230263
1 0.620436 0.777303 0.080798 0.243421
1 0.736722 0.971080 0.056538 0.056195
1 0.374009 0.493328 0.067285 0.144288
1 0.509981 0.506411 0.049903 0.155502
1 0.612870 0.524727 0.056071 0.177183
1 0.695294 0.544165 0.063920 0.181669
1 0.495402 0.426043 0.052146 0.118870
1 0.632495 0.436509 0.069528 0.148774
1 0.571658 0.378196 0.040932 0.123355
1 0.498206 0.355020 0.035324 0.079994
1 0.543623 0.283624 0.026353 0.103170
1 0.486151 0.277643 0.030278 0.094199
1 0.508579 0.230637 0.026914 0.093451
1 0.460358 0.234375 0.032521 0.094946
1 0.579228 0.254934 0.024671 0.094199
1 0.543903 0.216806 0.028035 0.053828
1 0.594927 0.222787 0.029157 0.089713
1 0.499047 0.127093 0.028035 0.059809
1 0.403166 0.186902 0.022428 0.079246
1 0.815606 0.620181 0.067845 0.208676
1 0.792863 0.445942 0.047029 0.154194
1 0.690497 0.095160 0.029253 0.052162
1 0.646442 0.082237 0.033482 0.049812
0 0.348520 0.363487 0.125822 0.141447
0 0.672910 0.280644 0.125754 0.179709
0 0.705273 0.211219 0.079207 0.105609
0 0.621521 0.141101 0.083102 0.070983
0 0.410519 0.138504 0.110370 0.070983
0 0.974630 0.271382 0.050740 0.101974
0 0.927673 0.236842 0.080181 0.072368