1 0.315831 0.796875 0.072780 0.251645
1 0.445970 0.480263 0.054276 0.154605
1 0.516283 0.483553 0.049342 0.157895
1 0.547122 0.640625 0.064145 0.189145
1 0.684046 0.600329 0.056743 0.174342
1 0.642722 0.399671 0.038240 0.141447
1 0.609416 0.831414 0.080181 0.264803
1 0.668010 0.942434 0.098684 0.111842
1 0.210362 0.568257 0.086349 0.172697
0 0.349136 0.354441 0.122122 0.136513
0 0.903084 0.656250 0.193832 0.266447
0 0.816036 0.391447 0.133224 0.167763
3 0.494079 0.173520 0.074013 0.133224
4 0.626069 0.185855 0.180099 0.230263
1 0.426750 0.206458 0.020776 0.082237