1 0.722987 0.474955 0.069767 0.212880
1 0.437209 0.536673 0.075134 0.264758
1 0.302370 0.507156 0.084526 0.248658
1 0.203757 0.369410 0.061717 0.202147
1 0.036807 0.372093 0.073614 0.214669
1 0.466726 0.289803 0.061717 0.171735
1 0.295662 0.131485 0.046959 0.141324
1 0.419767 0.126118 0.042934 0.130590
1 0.614982 0.131485 0.036225 0.144902
1 0.553265 0.140429 0.046959 0.137746
1 0.434526 0.036673 0.037567 0.073345
1 0.479472 0.030411 0.041592 0.060822
1 0.599553 0.050089 0.037567 0.093023
1 0.166860 0.110912 0.055009 0.128801