0 0.864761 0.465461 0.156661 0.171053
0 0.350987 0.299342 0.123355 0.144737
0 0.711801 0.236020 0.102385 0.113487
4 0.482977 0.075658 0.093750 0.125000
0 0.653207 0.069901 0.056743 0.074013
0 0.577344 0.051809 0.062911 0.054276
1 0.407730 0.680921 0.064145 0.236842
1 0.688363 0.819079 0.080181 0.273026
1 0.820970 0.852796 0.000000 0.001645
1 0.672327 0.546053 0.067845 0.197368
1 0.566859 0.522204 0.059211 0.182566
1 0.616201 0.321546 0.041941 0.129934
1 0.531086 0.427632 0.051809 0.164474
1 0.526768 0.268914 0.043174 0.120066
1 0.271944 0.498835 0.083059 0.162281
1 0.448753 0.195655 0.032072 0.091009
1 0.508869 0.166817 0.033059 0.071711
1 0.568573 0.223067 0.038980 0.109211
1 0.594725 0.280304 0.030099 0.106579