1 0.529852 0.605771 0.061678 0.212800
1 0.749424 0.730263 0.078947 0.253289
1 0.201727 0.939145 0.123355 0.121710
1 0.595230 0.902961 0.096217 0.194078
1 0.748808 0.555099 0.072780 0.172697
1 0.751348 0.456983 0.063854 0.115132
1 0.646134 0.411027 0.056598 0.179954
1 0.528946 0.413270 0.055873 0.163155
1 0.616988 0.227522 0.041118 0.118787
1 0.562163 0.213359 0.041118 0.105080
1 0.484381 0.214730 0.030839 0.111477
1 0.507338 0.184576 0.026042 0.095029
1 0.576555 0.095029 0.020559 0.085892
0 0.337725 0.262701 0.125411 0.147113
0 0.636176 0.126096 0.095943 0.080409
0 0.644057 0.052997 0.002056 0.000000