1 0.48046875 0.7234375 0.03671875 0.15078125
1 0.5421875 0.73359375 0.0421875 0.1484375
1 0.63359375 0.70625 0.0359375 0.16328125
1 0.71015625 0.76015625 0.046875 0.15546875
1 0.646875 0.51875 0.02890625 0.11015625
1 0.46328125 0.50546875 0.028125 0.12578125
1 0.46875 0.359375 0.01875 0.071875
1 0.54453125 0.59921875 0.03359375 0.1296875
3 0.58515625 0.49765625 0.07578125 0.1640625
3 0.24609375 0.521875 0.08125 0.22109375
3 0.10078125 0.59609375 0.2015625 0.6171875
3 0.30859375 0.28984375 0.03515625 0.12578125
3 0.440625 0.2328125 0.05234375 0.1328125
0 0.2890625 0.390625 0.053125 0.09765625