0 0.2890625 0.5515625 0.078125 0.17890625
3 0.090625 0.60859375 0.1734375 0.3453125
3 0.20234375 0.31171875 0.11953125 0.271875
3 0.30703125 0.35 0.05 0.14609375
3 0.55546875 0.34453125 0.046875 0.11640625
1 0.49921875 0.5890625 0.04375 0.14453125
1 0.4890625 0.78046875 0.046875 0.18984375
1 0.55546875 0.81953125 0.05390625 0.16796875
1 0.571875 0.64375 0.0484375 0.13828125
1 0.6765625 0.7875 0.05 0.171875
1 0.65 0.55546875 0.03515625 0.140625
1 0.5515625 0.51875 0.03515625 0.10859375
1 0.4640625 0.92578125 0.053125 0.1484375
3 0.32265625 0.209375 0.0328125 0.08515625
3 0.44296875 0.1859375 0.0484375 0.1125