0 0.208511 0.574013 0.201069 0.210526
3 0.340502 0.114309 0.097451 0.166118
0 0.405880 0.043586 0.072780 0.077303
0 0.906702 0.112664 0.144326 0.080592
1 0.896217 0.891447 0.093750 0.217105
1 0.666776 0.892270 0.091283 0.215460
1 0.650123 0.355263 0.045641 0.154605
1 0.556373 0.427632 0.062911 0.177632
1 0.470641 0.388980 0.059211 0.175987
1 0.701316 0.287829 0.054276 0.138158
1 0.544655 0.250822 0.039474 0.143092
1 0.463857 0.133224 0.028372 0.095395
1 0.507031 0.118421 0.023437 0.085526
1 0.558224 0.134868 0.027138 0.092105