1 0.428701 0.394737 0.054276 0.167763
1 0.701316 0.796875 0.081414 0.264803
1 0.883265 0.644737 0.090049 0.230263
1 0.475576 0.883224 0.106086 0.233552
1 0.611883 0.359375 0.053043 0.143092
1 0.518133 0.373355 0.050576 0.154605
1 0.485444 0.240132 0.041941 0.141447
1 0.564391 0.284539 0.039474 0.144737
1 0.638405 0.195724 0.039474 0.111842
1 0.482977 0.067434 0.039474 0.082237
1 0.566242 0.069901 0.028372 0.074013
1 0.087623 0.085526 0.023438 0.078947
0 0.349753 0.202303 0.115954 0.125000
0 0.841941 0.455592 0.002467 0.000000
3 0.198643 0.413651 0.191201 0.314145
0 0.407113 0.026316 0.067845 0.052632
0 0.910403 0.113487 0.136924 0.078947
0 0.042887 0.199836 0.085773 0.126645
0 0.069737 0.050987 0.074013 0.072368