0 0.151768 0.111842 0.048109 0.072368
0 0.239350 0.046053 0.048109 0.052632
0 0.904235 0.184211 0.144326 0.078947
1 0.260321 0.906250 0.082648 0.187500
1 0.780880 0.907072 0.109786 0.156250
1 0.779030 0.702303 0.064145 0.223684
1 0.486678 0.542763 0.066612 0.180921
1 0.508265 0.312500 0.038240 0.118421
1 0.619901 0.180099 0.032072 0.090461
1 0.394161 0.239309 0.034539 0.106908
1 0.487911 0.225329 0.034539 0.095395
1 0.523811 0.132445 0.024022 0.083102
1 0.492972 0.104744 0.023373 0.070983
1 0.547183 0.101714 0.017529 0.070118
1 0.581268 0.076177 0.023373 0.060596
0 0.621521 0.049775 0.046745 0.061461