1 0.526151 0.740954 0.076480 0.264803
1 0.888816 0.620888 0.066612 0.202303
1 0.431785 0.618421 0.075247 0.203947
1 0.597697 0.462171 0.059211 0.154605
1 0.712418 0.340461 0.049342 0.121711
1 0.512582 0.310033 0.037007 0.113487
1 0.547122 0.195724 0.024671 0.085526
1 0.573026 0.153783 0.027138 0.067434
1 0.492845 0.125822 0.024671 0.070724
0 0.378742 0.095395 0.060444 0.065789
0 0.620518 0.069901 0.048109 0.050987
0 0.592763 0.018914 0.051809 0.034539
0 0.817886 0.157895 0.082648 0.098684
0 0.899918 0.204770 0.143092 0.083882
0 0.906702 0.414474 0.001234 0.000000
0 0.189391 0.106908 0.069079 0.075658
0 0.208836 0.041118 0.048758 0.039474
0 0.257887 0.039748 0.046601 0.046601
1 0.532319 0.125822 0.022204 0.070724
1 0.075274 0.164474 0.029605 0.078947