1 0.508882 0.608553 0.056743 0.171053
1 0.877714 0.448191 0.093750 0.133224
1 0.701316 0.941612 0.096217 0.116776
1 0.571793 0.368421 0.044408 0.121711
1 0.595847 0.275493 0.038240 0.090461
1 0.507648 0.259868 0.024671 0.092105
1 0.542804 0.235197 0.023438 0.088816
1 0.175206 0.119243 0.018503 0.057566
0 0.359622 0.207237 0.083882 0.078947
0 0.816653 0.202303 0.085115 0.098684
0 0.893133 0.249178 0.122122 0.083882
0 0.621877 0.115132 0.045818 0.042293
0 0.590744 0.062657 0.038769 0.043860
0 0.579029 0.025522 0.035730 0.041969
0 0.248031 0.101714 0.052588 0.061461
0 0.257769 0.049342 0.040902 0.032895
0 0.186028 0.029865 0.042850 0.047611