0 0.64140625 0.86484375 0.15 0.2703125
1 0.15703125 0.50703125 0.034375 0.0984375
1 0.31015625 0.2203125 0.01484375 0.05
1 0.365625 0.221875 0.021875 0.059375
1 0.40703125 0.190625 0.01328125 0.0390625
1 0.3875 0.17578125 0.01328125 0.04765625
1 0.36171875 0.17265625 0.01328125 0.046875
1 0.34609375 0.16328125 0.0171875 0.040625
1 0.42734375 0.1328125 0.01328125 0.04765625
3 0.465625 0.3234375 0.0734375 0.25546875
3 0.5828125 0.17890625 0.06015625 0.19453125
3 0.5046875 0.1171875 0.05078125 0.1453125