1 0.418215 0.704770 0.045641 0.166118
1 0.286225 0.639803 0.045641 0.141447
1 0.375658 0.613487 0.039474 0.141447
1 0.457072 0.615954 0.041941 0.146382
1 0.342352 0.517270 0.027138 0.103618
1 0.415748 0.457237 0.030839 0.088816
1 0.481127 0.447368 0.028372 0.088816
0 0.567475 0.502467 0.112253 0.120066
0 0.178289 0.569901 0.135691 0.146382
1 0.453656 0.428942 0.024157 0.079496
1 0.483981 0.368635 0.020045 0.064419
1 0.562363 0.375488 0.020559 0.065789
1 0.575469 0.424830 0.000514 0.000000
1 0.431041 0.387481 0.023129 0.069216
1 0.282304 0.376601 0.027314 0.066964
1 0.516656 0.309636 0.025598 0.059915
1 0.427967 0.313054 0.021989 0.055063
1 0.360390 0.325569 0.023062 0.058638
1 0.329014 0.314484 0.022526 0.056493