3 0.2484375 0.43046875 0.0515625 0.11171875
0 0.425 0.3765625 0.0296875 0.05390625
4 0.49921875 0.6375 0.09453125 0.29765625
1 0.665625 0.6796875 0.025 0.07890625
1 0.75703125 0.71875 0.0328125 0.0828125
1 0.7234375 0.6390625 0.021875 0.08515625
1 0.8921875 0.93515625 0.053125 0.1296875
1 0.828125 0.95234375 0.04375 0.09453125
1 0.5875 0.5375 0.03125 0.0734375
1 0.5515625 0.4921875 0.025 0.0625
1 0.165625 0.38203125 0.0171875 0.0640625
1 0.1078125 0.43046875 0.0203125 0.0625
1 0.08359375 0.40078125 0.02734375 0.046875