1 0.639021 0.876645 0.082648 0.246710
1 0.621135 0.508224 0.056743 0.141447
1 0.514433 0.536184 0.050576 0.161184
1 0.572179 0.414820 0.041551 0.128982
1 0.518942 0.369806 0.035059 0.115132
1 0.424477 0.296226 0.034410 0.094356
1 0.533414 0.323008 0.029468 0.095943
1 0.492639 0.260417 0.032895 0.082237
1 0.444325 0.231177 0.026727 0.073099
1 0.559113 0.268640 0.027412 0.093202
1 0.597148 0.257675 0.025356 0.087719
1 0.547463 0.215643 0.028783 0.062135
0 0.275123 0.440789 0.131990 0.148026
0 0.809252 0.228156 0.080181 0.089741
0 0.892501 0.279400 0.138004 0.075041
0 0.615317 0.147204 0.045025 0.054276
0 0.585711 0.092516 0.036390 0.041941
0 0.572759 0.059211 0.035156 0.039474
0 0.435981 0.062425 0.034203 0.039623
1 0.865995 0.322368 0.028372 0.098684
1 0.022245 0.251645 0.033306 0.085526