1 0.698849 0.916118 0.071546 0.164474
1 0.807864 0.514491 0.037857 0.110594
1 0.640058 0.589922 0.043387 0.131012
1 0.647927 0.539729 0.041260 0.110027
1 0.668983 0.456641 0.039133 0.101520
1 0.523557 0.338708 0.019802 0.066655
1 0.591727 0.370520 0.021100 0.071416
1 0.641231 0.370520 0.021425 0.074013
1 0.572736 0.336327 0.019477 0.064491
1 0.663305 0.306029 0.018179 0.056700
1 0.625325 0.335245 0.012985 0.065789
0 0.700636 0.304082 0.048693 0.052805
0 0.662007 0.250628 0.042200 0.047178
0 0.643016 0.212106 0.034734 0.041984
1 0.593377 0.270296 0.014866 0.049342
1 0.027040 0.499481 0.033482 0.115915
1 0.170661 0.372993 0.027021 0.077538
1 0.547784 0.307724 0.017554 0.061361