1 0.692681 0.903783 0.071546 0.185855
1 0.809868 0.896382 0.076480 0.207236
1 0.903002 0.653783 0.050576 0.143092
1 0.723013 0.613213 0.047697 0.144737
1 0.626384 0.467928 0.025493 0.091009
1 0.680661 0.444901 0.027138 0.084430
1 0.561417 0.425713 0.025493 0.087719
1 0.648534 0.395765 0.018140 0.076432
1 0.684634 0.361177 0.022131 0.063371
1 0.632752 0.350776 0.016326 0.062887
1 0.541324 0.360451 0.019229 0.065789
1 0.580326 0.260316 0.012336 0.040635
1 0.560553 0.321752 0.017052 0.054180
1 0.609895 0.318849 0.016326 0.056115
1 0.649260 0.332394 0.016689 0.059985
1 0.587764 0.354405 0.018503 0.059501
1 0.567991 0.357065 0.019592 0.043537
1 0.579419 0.411003 0.021406 0.088526
1 0.623682 0.294819 0.014875 0.045472
1 0.601550 0.250556 0.012698 0.041118
1 0.533886 0.333277 0.019592 0.060468
0 0.498027 0.193381 0.027288 0.030901
0 0.536155 0.196621 0.024297 0.028409
0 0.640072 0.227024 0.034764 0.038377
0 0.659884 0.266148 0.040745 0.042863
0 0.699564 0.316766 0.047800 0.047286
1 0.138816 0.428454 0.027138 0.087171
1 0.110240 0.418928 0.027201 0.082237
1 0.040655 0.422091 0.029732 0.086032
1 0.230789 0.340683 0.015077 0.061221
1 0.289215 0.302883 0.015990 0.049342
0 0.077131 0.344538 0.054482 0.058936
0 0.115680 0.318496 0.055510 0.069901
0 0.925206 0.404605 0.075247 0.082237
0 0.974548 0.455592 0.050576 0.078947