1 0.12734375 0.47890625 0.24375 0.29296875
4 0.621875 0.1625 0.10703125 0.1921875
1 0.3890625 0.23671875 0.04375 0.103125
1 0.9421875 0.2734375 0.1125 0.13125
1 0.46328125 0.240625 0.03984375 0.071875
1 0.75859375 0.45234375 0.125 0.22109375
1 0.16171875 0.22890625 0.028125 0.090625
1 0.1984375 0.26484375 0.0359375 0.1078125
1 0.3078125 0.2484375 0.03359375 0.103125
1 0.51171875 0.2265625 0.02265625 0.07265625
1 0.53046875 0.234375 0.0171875 0.0796875
1 0.54921875 0.2296875 0.0234375 0.09296875
0 0.3875 0.18984375 0.06796875 0.0875
1 0.69140625 0.240625 0.0359375 0.11484375