4 0.4 0.19453125 0.0203125 0.084375
3 0.4734375 0.5546875 0.07734375 0.26171875
3 0.4875 0.33515625 0.0359375 0.1125
3 0.5296875 0.2953125 0.0375 0.11328125
3 0.4953125 0.1875 0.0171875 0.0578125
0 0.59765625 0.2453125 0.0234375 0.0375
0 0.63984375 0.31015625 0.0421875 0.05078125
0 0.73515625 0.34375 0.053125 0.05
0 0.80859375 0.47890625 0.09140625 0.109375
1 0.12734375 0.88828125 0.0453125 0.18828125
1 0.07265625 0.71953125 0.03359375 0.134375
1 0.24765625 0.625 0.025 0.13046875
1 0.3515625 0.503125 0.02890625 0.096875
1 0.30390625 0.4171875 0.02265625 0.096875
1 0.35625 0.36015625 0.0203125 0.0578125
1 0.40546875 0.36015625 0.015625 0.0703125
1 0.80703125 0.34140625 0.015625 0.07578125
1 0.915625 0.453125 0.03203125 0.0953125