3 0.50625 0.45078125 0.0734375 0.2390625
3 0.8015625 0.3734375 0.12890625 0.15859375
3 0.665625 0.19296875 0.04453125 0.05078125
3 0.52734375 0.1984375 0.03203125 0.09296875
3 0.478125 0.19453125 0.025 0.07265625
0 0.48515625 0.28125 0.03828125 0.04765625
0 0.66640625 0.25 0.04453125 0.04765625
0 0.42890625 0.20625 0.015625 0.053125
4 0.378125 0.34765625 0.0734375 0.26796875
4 0.8125 0.70390625 0.37421875 0.59140625
1 0.2234375 0.61640625 0.02890625 0.13125
1 0.2890625 0.421875 0.021875 0.1078125