0 0.3703125 0.3109375 0.0546875 0.11953125
4 0.496875 0.14140625 0.03046875 0.0890625
3 0.28515625 0.2453125 0.1109375 0.09375
3 0.5578125 0.18203125 0.0546875 0.1390625
3 0.71796875 0.2078125 0.0625 0.09921875
1 0.3109375 0.346875 0.0171875 0.09296875
1 0.25546875 0.459375 0.02734375 0.07734375
1 0.17265625 0.3890625 0.03203125 0.07890625
1 0.2140625 0.56328125 0.03125 0.08046875
1 0.0484375 0.8375 0.03359375 0.13671875
1 0.11328125 0.928125 0.040625 0.1375
1 0.2734375 0.74453125 0.03203125 0.121875