1 0.08828125 0.63203125 0.08984375 0.21796875
1 0.24140625 0.578125 0.04375 0.084375
0 0.51640625 0.54609375 0.06328125 0.06171875
1 0.94375 0.60859375 0.03828125 0.06171875
1 0.3 0.596875 0.0609375 0.13671875
1 0.44609375 0.578125 0.03671875 0.1
1 0.58984375 0.5984375 0.03046875 0.08515625
1 0.68046875 0.740625 0.09453125 0.2859375
1 0.80859375 0.72578125 0.103125 0.2421875
1 0.73671875 0.5921875 0.0234375 0.0765625
1 0.8546875 0.60078125 0.0234375 0.06171875
1 0.8953125 0.6046875 0.02734375 0.05078125