1 0.41015625 0.62578125 0.11875 0.1734375
1 0.1 0.65546875 0.2453125 0.2203125
1 0.55234375 0.621875 0.078125 0.13203125
1 0.3390625 0.58515625 0.0421875 0.125
4 0.8609375 0.559375 0.04609375 0.09140625
1 0.94765625 0.59296875 0.04140625 0.0609375
1 0.09921875 0.57890625 0.0734375 0.15703125
0 0.5046875 0.54921875 0.05546875 0.10234375
1 0.68125 0.7234375 0.09921875 0.275
1 0.80703125 0.71328125 0.10625 0.23671875
1 0.89375 0.58984375 0.034375 0.07265625
1 0.74609375 0.57890625 0.028125 0.07265625