1 0.074955 0.647585 0.147585 0.357782
1 0.324508 0.545617 0.096601 0.268336
1 0.606261 0.546512 0.104651 0.262970
1 0.865877 0.646691 0.105993 0.284436
0 0.843739 0.357782 0.203936 0.239714
1 0.592844 0.242397 0.067084 0.180680
1 0.313104 0.239714 0.063059 0.171735
1 0.392934 0.091234 0.053667 0.143113
1 0.888014 0.180680 0.056351 0.110912
1 0.807513 0.099284 0.053667 0.134168
1 0.980233 0.059928 0.039534 0.116279
1 0.865206 0.066190 0.042934 0.125224
1 0.746467 0.043828 0.044275 0.087656
1 0.448614 0.024150 0.028175 0.048300