1 0.36640625 0.684375 0.1140625 0.25703125
1 0.15625 0.6125 0.09609375 0.215625
3 0.6703125 0.5515625 0.0703125 0.178125
1 0.26484375 0.59765625 0.0640625 0.15625
1 0.946875 0.62109375 0.02734375 0.06015625
1 0.73046875 0.74609375 0.12890625 0.26171875
1 0.49140625 0.58515625 0.0453125 0.12265625
1 0.540625 0.58984375 0.04453125 0.12421875
1 0.88359375 0.71953125 0.09453125 0.23515625
1 0.59765625 0.59921875 0.0375 0.109375
1 0.56640625 0.5984375 0.0359375 0.103125
1 0.81796875 0.6046875 0.046875 0.11015625