1 0.203125 0.75625 0.1046875 0.30546875
1 0.31875 0.5015625 0.07109375 0.246875
1 0.3484375 0.76953125 0.10078125 0.32265625
1 0.4828125 0.76484375 0.09296875 0.33203125
1 0.55703125 0.55078125 0.06171875 0.275
1 0.61328125 0.428125 0.0640625 0.20234375
1 0.68125 0.34375 0.04375 0.15859375
1 0.65625 0.21328125 0.03046875 0.1265625
1 0.71796875 0.246875 0.028125 0.1140625
3 0.4984375 0.2765625 0.1 0.44140625
0 0.59296875 0.109375 0.0828125 0.16953125
0 0.69296875 0.08515625 0.053125 0.1359375
0 0.6515625 0.04296875 0.059375 0.0859375
1 0.7546875 0.26875 0.028125 0.1296875
1 0.3890625 0.33984375 0.03046875 0.16640625
1 0.41328125 0.09375 0.0390625 0.09296875