1 0.53046875 0.6765625 0.08984375 0.32578125
1 0.22578125 0.86015625 0.13828125 0.2796875
1 0.4671875 0.5640625 0.06328125 0.2359375
0 0.45234375 0.30078125 0.18125 0.34296875
0 0.6875 0.1046875 0.0609375 0.15703125
0 0.646875 0.04296875 0.059375 0.0859375
1 0.65078125 0.43828125 0.046875 0.19140625
1 0.74140625 0.20546875 0.0203125 0.1171875
1 0.340625 0.34296875 0.06484375 0.16953125
1 0.56640625 0.3546875 0.04765625 0.1359375
1 0.6984375 0.25703125 0.03046875 0.134375
1 0.63671875 0.25625 0.025 0.1234375
1 0.60546875 0.21640625 0.02421875 0.1234375
1 0.53515625 0.1359375 0.0265625 0.07421875