0 0.661941 0.248658 0.156977 0.168157
0 0.280233 0.125224 0.120751 0.128801
0 0.580769 0.038462 0.107335 0.076923
1 0.970170 0.540250 0.059660 0.243292
1 0.835018 0.792487 0.100626 0.304114
1 0.777996 0.865832 0.107335 0.268336
1 0.659928 0.837209 0.115385 0.293381
1 0.451297 0.869410 0.081843 0.257603
1 0.410376 0.644902 0.088551 0.273703
1 0.511002 0.438283 0.072451 0.196780
1 0.500268 0.288909 0.059034 0.130590
1 0.417084 0.306798 0.069767 0.187835
1 0.419767 0.190519 0.045617 0.127013
1 0.422451 0.096601 0.040250 0.085868
1 0.474776 0.060823 0.040250 0.114490
1 0.082335 0.049195 0.041592 0.098390
1 0.013998 0.048301 0.027996 0.078712