1 0.22578125 0.63125 0.053125 0.259375
1 0.2734375 0.7203125 0.08828125 0.31484375
1 0.38125 0.7171875 0.0765625 0.32265625
1 0.459375 0.54296875 0.0671875 0.2625
1 0.49296875 0.84453125 0.04921875 0.28203125
1 0.53046875 0.45625 0.03828125 0.19296875
1 0.3203125 0.45546875 0.03515625 0.20390625
1 0.59296875 0.5984375 0.04609375 0.2375
0 0.51640625 0.17265625 0.140625 0.275
1 0.6546875 0.3953125 0.0390625 0.16640625
0 0.45390625 0.07109375 0.09921875 0.1421875
1 0.11015625 0.46484375 0.0703125 0.21875
1 0.0171875 0.86953125 0.034375 0.2609375