0 0.824955 0.460644 0.252236 0.277281
1 0.739088 0.856887 0.101968 0.286225
1 0.592173 0.634168 0.089893 0.248658
1 0.398971 0.516100 0.063059 0.223614
1 0.232603 0.650268 0.097943 0.259392
1 0.481485 0.395349 0.069767 0.189624
1 0.538506 0.300537 0.057692 0.164580
1 0.627057 0.186941 0.060376 0.148479
1 0.278891 0.244186 0.048301 0.166369
1 0.021377 0.119857 0.042754 0.139535
1 0.079651 0.036673 0.044275 0.073345
1 0.435868 0.251342 0.053667 0.169946
1 0.426476 0.126118 0.048301 0.119857
1 0.490877 0.108229 0.040250 0.148479
1 0.537835 0.050984 0.037567 0.101968