1 0.22578125 0.63125 0.053125 0.259375
1 0.2734375 0.7203125 0.08828125 0.31484375
1 0.38125 0.7171875 0.0765625 0.32265625
1 0.459375 0.54296875 0.0671875 0.2625
1 0.4875 0.84453125 0.059375 0.28203125
1 0.53046875 0.46015625 0.03828125 0.16953125
1 0.3203125 0.45546875 0.03515625 0.20390625
1 0.59296875 0.5984375 0.04609375 0.2375
0 0.4875 0.225 0.159375 0.33046875
0 0.60234375 0.11640625 0.090625 0.19921875
1 0.67421875 0.32578125 0.0265625 0.1296875
1 0.72421875 0.1875 0.01640625 0.103125
0 0.384375 0.20625 0.13125 0.21796875
1 0.18359375 0.3625 0.0640625 0.17578125