1 0.50234375 0.82109375 0.10078125 0.3578125
1 0.4125 0.71796875 0.096875 0.31171875
1 0.24296875 0.67109375 0.08125 0.30546875
1 0.321875 0.48828125 0.07734375 0.2265625
1 0.5921875 0.65 0.06171875 0.228125
0 0.47734375 0.2625 0.1578125 0.32734375
0 0.5921875 0.103125 0.084375 0.18203125
1 0.63671875 0.42578125 0.0328125 0.18828125
0 0.6421875 0.040625 0.059375 0.08125
0 0.65 0.1765625 0.09453125 0.20859375
1 0.6875 0.38359375 0.0328125 0.17109375
1 0.2453125 0.2265625 0.05078125 0.1515625
0 0.5265625 0.03828125 0.071875 0.0765625
1 0.7265625 0.16015625 0.0171875 0.0984375
1 0.4234375 0.11875 0.03046875 0.08984375
1 0.09453125 0.5125 0.07421875 0.23125
1 0.034375 0.64921875 0.06875 0.240625