1 0.5046875 0.8171875 0.0578125 0.29140625
1 0.40625 0.740625 0.0921875 0.30546875
1 0.30703125 0.659375 0.07578125 0.29765625
1 0.39453125 0.47890625 0.06328125 0.18984375
1 0.4953125 0.54921875 0.03515625 0.20703125
1 0.59609375 0.51953125 0.03203125 0.20859375
0 0.5546875 0.1921875 0.12734375 0.29140625
1 0.6625 0.41015625 0.034375 0.18828125
0 0.61015625 0.07109375 0.065625 0.1421875
1 0.70078125 0.3390625 0.02578125 0.14375
1 0.365625 0.2078125 0.04765625 0.153125
1 0.1921875 0.39140625 0.06328125 0.18359375