1 0.4921875 0.834375 0.0578125 0.29140625
1 0.3578125 0.83359375 0.103125 0.3328125
1 0.29140625 0.68046875 0.08046875 0.31796875
1 0.39453125 0.47890625 0.06328125 0.18984375
1 0.59609375 0.51953125 0.03203125 0.20859375
0 0.5546875 0.1921875 0.12734375 0.29140625
1 0.6625 0.41015625 0.034375 0.18828125
0 0.61015625 0.07109375 0.065625 0.1421875
1 0.70078125 0.3390625 0.02578125 0.14375
1 0.18046875 0.7296875 0.096875 0.32734375
1 0.40703125 0.08984375 0.03515625 0.08984375
1 0.309375 0.428125 0.05625 0.10625