1 0.48203125 0.89140625 0.0734375 0.2171875
1 0.56953125 0.66328125 0.04765625 0.24375
1 0.58828125 0.40703125 0.0421875 0.16015625
0 0.40234375 0.528125 0.3140625 0.79921875
0 0.53359375 0.1921875 0.090625 0.18984375
1 0.653125 0.42578125 0.02734375 0.17578125
0 0.5921875 0.1125 0.0875 0.225
0 0.6546875 0.03828125 0.040625 0.0765625
1 0.7203125 0.29375 0.025 0.13125
1 0.22890625 0.653125 0.03984375 0.23125
1 0.7984375 0.178125 0.05625 0.09375
1 0.86953125 0.2484375 0.0578125 0.09296875
3 0.28359375 0.1671875 0.1921875 0.334375
1 0.08203125 0.59609375 0.07734375 0.153125
1 0.70234375 0.0984375 0.025 0.08046875