1 0.48203125 0.89140625 0.0734375 0.2171875
1 0.56953125 0.66328125 0.04765625 0.24375
1 0.58828125 0.40703125 0.0421875 0.16015625
0 0.40234375 0.528125 0.3140625 0.79921875
0 0.53359375 0.1921875 0.090625 0.18984375
1 0.653125 0.42578125 0.02734375 0.17578125
0 0.5921875 0.1125 0.0875 0.225
0 0.6546875 0.03828125 0.040625 0.0765625
1 0.71796875 0.2890625 0.025 0.13125
1 0.22890625 0.653125 0.03984375 0.23125
1 0.6875 0.11484375 0.03125 0.08515625
1 0.94453125 0.26875 0.0578125 0.09296875
3 0.3984375 0.09765625 0.140625 0.1953125
1 0.2359375 0.31875 0.07734375 0.153125
0 0.06484375 0.77421875 0.12734375 0.45078125