1 0.48203125 0.89140625 0.0734375 0.2171875
1 0.56953125 0.66328125 0.04765625 0.24375
1 0.58828125 0.40703125 0.0421875 0.16015625
0 0.40234375 0.528125 0.3140625 0.79921875
0 0.53359375 0.1921875 0.090625 0.18984375
1 0.653125 0.42578125 0.02734375 0.17578125
0 0.5921875 0.1125 0.0875 0.225
1 0.71796875 0.2890625 0.025 0.13125
1 0.22890625 0.653125 0.03984375 0.23125
1 0.9125 0.2734375 0.046875 0.07734375
1 0.321875 0.2171875 0.0484375 0.125
1 0.12265625 0.33125 0.05703125 0.16484375
1 0.73984375 0.1078125 0.01953125 0.09296875