1 0.48203125 0.89140625 0.0734375 0.2171875
1 0.56953125 0.66328125 0.04765625 0.24375
1 0.58828125 0.40703125 0.0421875 0.16015625
0 0.40234375 0.528125 0.3140625 0.79921875
0 0.53359375 0.1921875 0.090625 0.18984375
1 0.653125 0.42578125 0.02734375 0.17578125
0 0.5921875 0.1125 0.0875 0.225
1 0.71796875 0.2890625 0.025 0.13125
1 0.22890625 0.653125 0.03984375 0.23125
1 0.78203125 0.1640625 0.0546875 0.09375
1 0.45546875 0.06875 0.0265625 0.09140625
1 0.1671875 0.2859375 0.05703125 0.16484375
1 0.7390625 0.0953125 0.01796875 0.06796875