1 0.544544 0.913238 0.115385 0.173524
1 0.834347 0.825581 0.112701 0.323792
1 0.712254 0.557245 0.067084 0.255814
1 0.572719 0.578712 0.091234 0.259392
1 0.442576 0.593918 0.077818 0.254025
1 0.433855 0.356887 0.052326 0.194991
1 0.659258 0.376565 0.057692 0.205725
1 0.731038 0.281753 0.045617 0.184258
1 0.825626 0.278175 0.052326 0.177102
1 0.974866 0.322898 0.050268 0.198569
1 0.803488 0.166369 0.048301 0.139535
1 0.745796 0.102862 0.042934 0.127013
1 0.695483 0.174419 0.041592 0.148479
1 0.632424 0.120751 0.046959 0.141324
1 0.379517 0.218247 0.056351 0.157424
0 0.543202 0.225403 0.139535 0.200358
0 0.410376 0.078712 0.120751 0.132379
1 0.555948 0.033989 0.033542 0.067978
1 0.704204 0.053667 0.037567 0.100179
1 0.970170 0.906082 0.059660 0.187835