1 0.409375 0.76015625 0.0859375 0.30078125
1 0.52578125 0.8578125 0.0734375 0.28359375
1 0.51328125 0.5640625 0.0453125 0.21484375
0 0.3875 0.409375 0.1890625 0.40859375
0 0.5203125 0.1890625 0.13359375 0.2453125
0 0.60546875 0.31171875 0.1453125 0.3828125
0 0.6 0.065625 0.0796875 0.13125
1 0.6015625 0.5921875 0.04296875 0.2265625
1 0.65859375 0.471875 0.0359375 0.18515625
1 0.221875 0.4421875 0.07109375 0.20234375
1 0.27421875 0.25859375 0.0484375 0.15859375
1 0.73515625 0.16796875 0.02421875 0.0984375
0 0.653125 0.04453125 0.0453125 0.0890625