1 0.409375 0.76015625 0.0859375 0.30078125
1 0.52578125 0.8578125 0.0734375 0.28359375
1 0.51328125 0.5640625 0.0453125 0.21484375
0 0.3875 0.409375 0.1890625 0.40859375
0 0.5203125 0.1890625 0.13359375 0.2453125
0 0.60546875 0.31171875 0.1453125 0.3828125
0 0.6 0.065625 0.0796875 0.13125
1 0.6015625 0.5921875 0.04296875 0.2265625
1 0.65859375 0.471875 0.0359375 0.18515625
1 0.70234375 0.3328125 0.02421875 0.121875
0 0.64453125 0.0453125 0.0578125 0.090625
1 0.7875 0.16796875 0.05 0.08671875
1 0.09765625 0.2109375 0.03671875 0.10625