1 0.409375 0.76015625 0.0859375 0.30078125
1 0.52578125 0.8578125 0.0734375 0.28359375
1 0.51328125 0.5640625 0.0453125 0.21484375
0 0.3875 0.409375 0.1890625 0.40859375
0 0.5203125 0.1890625 0.13359375 0.2453125
0 0.60546875 0.31171875 0.1453125 0.3828125
0 0.6 0.065625 0.0796875 0.13125
1 0.6015625 0.5921875 0.04296875 0.2265625
1 0.65859375 0.471875 0.0359375 0.18515625
1 0.70234375 0.3328125 0.02421875 0.121875
0 0.64453125 0.0453125 0.0578125 0.090625
1 0.7578125 0.2375 0.02734375 0.1078125
0 0.7046875 0.07421875 0.05390625 0.1484375
1 0.11328125 0.23515625 0.03046875 0.121875
1 0.0953125 0.4984375 0.0734375 0.21640625