1 0.296875 0.3875 0.07109375 0.15703125
1 0.55 0.7046875 0.05546875 0.2609375
0 0.184375 0.72265625 0.2859375 0.55390625
0 0.51484375 0.1984375 0.14375 0.2640625
0 0.57890625 0.3484375 0.16953125 0.42265625
0 0.6 0.065625 0.0796875 0.13125
1 0.6890625 0.39609375 0.0265625 0.16484375
0 0.64453125 0.0453125 0.0578125 0.090625
1 0.75625 0.24609375 0.03125 0.125
0 0.7046875 0.07421875 0.05390625 0.1484375
1 0.14765625 0.29453125 0.034375 0.1421875
1 0.0671875 0.71953125 0.04765625 0.2265625
1 0.4046875 0.2703125 0.0484375 0.16328125
1 0.72109375 0.3 0.0265625 0.121875