0 0.38515625 0.37734375 0.22890625 0.359375
0 0.29296875 0.7609375 0.3828125 0.478125
0 0.5796875 0.115625 0.09609375 0.20703125
1 0.6078125 0.5953125 0.03828125 0.228125
0 0.64453125 0.0453125 0.0578125 0.090625
1 0.72265625 0.27265625 0.03125 0.125
0 0.7015625 0.07421875 0.0578125 0.1484375
1 0.15703125 0.58046875 0.08359375 0.259375
1 0.58828125 0.4390625 0.05 0.20234375
1 0.51484375 0.121875 0.0296875 0.09296875
1 0.671875 0.4109375 0.04375 0.15625
1 0.22109375 0.39609375 0.06640625 0.146875