1 0.125 0.49296875 0.065625 0.17734375
1 0.3265625 0.871875 0.0703125 0.25625
1 0.4234375 0.59375 0.06640625 0.2546875
1 0.546875 0.528125 0.0328125 0.228125
1 0.5 0.38828125 0.034375 0.19296875
1 0.40703125 0.37265625 0.05703125 0.18984375
1 0.57109375 0.234375 0.0328125 0.1328125
1 0.5234375 0.184375 0.02734375 0.121875
1 0.66875 0.1171875 0.01875 0.0984375
1 0.5234375 0.07734375 0.03515625 0.0984375
0 0.21953125 0.71484375 0.28828125 0.56484375
0 0.6171875 0.07421875 0.07734375 0.1453125
0 0.77734375 0.1828125 0.1109375 0.21484375