1 0.278125 0.62578125 0.0921875 0.2734375
1 0.33046875 0.4515625 0.06875 0.17109375
1 0.38828125 0.6921875 0.08671875 0.29453125
1 0.4828125 0.76484375 0.09296875 0.33203125
1 0.56171875 0.56953125 0.06328125 0.21875
3 0.5 0.2796875 0.1984375 0.41953125
0 0.59140625 0.121875 0.08515625 0.20078125
1 0.61328125 0.425 0.0515625 0.19296875
1 0.6828125 0.33515625 0.0296875 0.1546875
1 0.71484375 0.25546875 0.03046875 0.096875
1 0.6578125 0.21640625 0.0265625 0.1171875
0 0.6515625 0.04453125 0.05625 0.0890625
1 0.37265625 0.365625 0.05390625 0.1390625
1 0.95 0.2921875 0.05703125 0.09375
0 0.47890625 0.06171875 0.09765625 0.1234375
1 0.71484375 0.12265625 0.02421875 0.08515625
1 0.26796875 0.24375 0.05234375 0.1421875
0 0.07421875 0.7015625 0.1484375 0.43046875