1 0.55390625 0.7359375 0.05390625 0.2625
0 0.46640625 0.3125 0.17421875 0.371875
1 0.4984375 0.58125 0.04375 0.2328125
1 0.41171875 0.753125 0.0828125 0.26875
1 0.31015625 0.60234375 0.1109375 0.2765625
0 0.56484375 0.1265625 0.0 0.253125
0 0.63671875 0.065625 0.0609375 0.13125
1 0.62109375 0.56171875 0.0453125 0.21640625
1 0.56953125 0.4046875 0.03984375 0.1421875
1 0.69296875 0.35859375 0.0296875 0.14375
1 0.29296875 0.190625 0.04609375 0.13125
1 0.39453125 0.14921875 0.03515625 0.08828125
1 0.2125 0.3484375 0.06796875 0.18203125
1 0.03046875 0.7171875 0.0609375 0.2546875