3 0.310420 0.339893 0.207961 0.443649
0 0.240653 0.853309 0.328712 0.293381
0 0.597540 0.268336 0.151610 0.214669
0 0.565340 0.072451 0.116726 0.144902
0 0.375492 0.071556 0.120751 0.107335
1 0.743113 0.725403 0.104651 0.277281
1 0.832335 0.926655 0.127460 0.146690
1 0.545215 0.776386 0.103309 0.286225
1 0.561315 0.561717 0.079159 0.228980
1 0.511673 0.384615 0.063059 0.200358
1 0.792084 0.569767 0.071109 0.230769
1 0.876610 0.668157 0.065742 0.280859
1 0.966145 0.632379 0.067710 0.241503
1 0.676699 0.039356 0.033542 0.078712