1 0.794097 0.849732 0.080501 0.282648
1 0.501610 0.694097 0.059034 0.232558
1 0.198390 0.791592 0.077818 0.259392
1 0.401655 0.610912 0.060376 0.202147
1 0.476118 0.497317 0.053667 0.164580
1 0.407021 0.406977 0.049642 0.155635
1 0.512343 0.325581 0.034884 0.128801
1 0.631082 0.348837 0.036225 0.139535
1 0.631082 0.513417 0.049642 0.175313
1 0.440563 0.147585 0.020125 0.084079
1 0.537835 0.109123 0.021467 0.067979
1 0.470751 0.123435 0.016100 0.075134
1 0.427818 0.087657 0.016100 0.075134
1 0.929606 0.135063 0.021467 0.087657
1 0.843068 0.079606 0.017442 0.066190
0 0.956753 0.300537 0.086494 0.146691
0 0.605590 0.139535 0.076476 0.096601
0 0.555948 0.024150 0.041592 0.044723
4 0.079741 0.486583 0.159481 0.465116
0 0.186986 0.322898 0.097943 0.169946
0 0.251386 0.209302 0.100626 0.125224
0 0.285599 0.133274 0.085868 0.159213
1 0.341950 0.817531 0.080501 0.225403
1 0.364758 0.927549 0.091234 0.144902