3 0.1078125 0.63046875 0.1375 0.3859375
3 0.61171875 0.603125 0.3 0.734375
4 0.3 0.203125 0.1890625 0.2921875
3 0.72734375 0.2171875 0.175 0.2765625
3 0.62265625 0.2546875 0.153125 0.2609375
3 0.8671875 0.2765625 0.0890625 0.215625
3 0.92109375 0.17890625 0.1578125 0.2796875
0 0.22265625 0.4453125 0.10625 0.2484375
1 0.37734375 0.24453125 0.046875 0.125
1 0.4171875 0.2609375 0.0578125 0.1046875
1 0.48125 0.2625 0.05 0.125
1 0.525 0.2578125 0.0359375 0.115625
1 0.9234375 0.65234375 0.0546875 0.2421875
3 0.7640625 0.56796875 0.1609375 0.5109375