0 0.06953125 0.52578125 0.1390625 0.3203125
0 0.58359375 0.684375 0.1734375 0.3140625
0 0.19140625 0.2296875 0.0921875 0.1578125
0 0.74296875 0.18203125 0.0625 0.096875
3 0.09453125 0.084375 0.171875 0.153125
3 0.3796875 0.11484375 0.1359375 0.1484375
3 0.5953125 0.15859375 0.071875 0.1640625
3 0.65546875 0.2453125 0.09375 0.240625
3 0.59140625 0.12734375 0.209375 0.14375
3 0.825 0.13515625 0.1109375 0.1234375
1 0.284375 0.13203125 0.046875 0.0984375
1 0.80078125 0.21015625 0.0375 0.1
4 0.81484375 0.60234375 0.3625 0.7296875