3 0.1375 0.3015625 0.275 0.3359375
3 0.56328125 0.1828125 0.06875 0.15390625
1 0.13203125 0.64453125 0.040625 0.14453125
1 0.1921875 0.69140625 0.04921875 0.046875
1 0.04765625 0.93671875 0.0546875 0.1265625
1 0.2640625 0.5203125 0.0265625 0.1375
1 0.30078125 0.54296875 0.03828125 0.09609375
1 0.26640625 0.42734375 0.02421875 0.06875
1 0.29609375 0.434375 0.03828125 0.0828125
1 0.375 0.3421875 0.0265625 0.065625
1 0.33046875 0.353125 0.02734375 0.08046875
1 0.41015625 0.2703125 0.02734375 0.05703125
1 0.428125 0.2578125 0.021875 0.05703125
1 0.37578125 0.23359375 0.021875 0.05703125
0 0.50625 0.1515625 0.03203125 0.0671875