0 0.56640625 0.55390625 0.07578125 0.1984375
0 0.5484375 0.30234375 0.04453125 0.115625
0 0.74921875 0.59921875 0.0984375 0.18984375
0 0.54765625 0.10703125 0.025 0.0453125
0 0.37890625 0.153125 0.0234375 0.0515625
4 0.6421875 0.18515625 0.075 0.15234375
3 0.4890625 0.13984375 0.053125 0.18515625
3 0.41953125 0.48203125 0.1015625 0.30859375
3 0.265625 0.2390625 0.140625 0.24765625
1 0.7203125 0.409375 0.03671875 0.08828125
1 0.65078125 0.33046875 0.015625 0.08515625
1 0.775 0.39375 0.0203125 0.09375
1 0.8203125 0.5171875 0.0328125 0.11875
1 0.8890625 0.6125 0.02734375 0.11796875
1 0.803125 0.809375 0.0734375 0.153125
1 0.90390625 0.9296875 0.053125 0.140625
1 0.95390625 0.703125 0.03203125 0.1140625