4 0.37109375 0.62734375 0.21796875 0.73984375
3 0.19375 0.33671875 0.1234375 0.2703125
3 0.4578125 0.21484375 0.05390625 0.15078125
3 0.553125 0.1484375 0.0703125 0.20234375
0 0.56875 0.365625 0.078125 0.19921875
1 0.66484375 0.3734375 0.0328125 0.096875
1 0.75859375 0.40234375 0.02265625 0.0984375
1 0.85 0.4609375 0.0421875 0.09921875
1 0.64453125 0.259375 0.0171875 0.06640625
1 0.60703125 0.1859375 0.0109375 0.0859375
1 0.6328125 0.1734375 0.01484375 0.0484375
1 0.66640625 0.17578125 0.0125 0.06015625
1 0.76796875 0.22265625 0.021875 0.0609375