1 0.146875 0.825 0.04921875 0.17890625
1 0.2546875 0.8375 0.0359375 0.16640625
1 0.29921875 0.7140625 0.034375 0.13671875
1 0.25234375 0.53671875 0.0171875 0.10859375
1 0.309375 0.40859375 0.0203125 0.08046875
1 0.35703125 0.425 0.01796875 0.0890625
1 0.3921875 0.3625 0.01953125 0.07421875
1 0.34765625 0.34609375 0.01796875 0.06640625
1 0.3703125 0.290625 0.0171875 0.05390625
1 0.40390625 0.28984375 0.01484375 0.059375
1 0.84765625 0.371875 0.02421875 0.07578125
1 0.91171875 0.4015625 0.03046875 0.07890625
1 0.7765625 0.31875 0.02109375 0.0546875
1 0.74765625 0.3109375 0.021875 0.0703125
0 0.67890625 0.3296875 0.0515625 0.0578125
0 0.85703125 0.546875 0.10546875 0.1171875
3 0.65859375 0.64921875 0.1390625 0.328125
3 0.49375 0.3953125 0.07734375 0.2390625
3 0.50859375 0.209375 0.0265625 0.0765625
3 0.47265625 0.22734375 0.0234375 0.06953125
4 0.40859375 0.17421875 0.03125 0.07578125