1 0.19609375 0.70625 0.04375 0.15703125
1 0.32421875 0.45390625 0.01875 0.109375
1 0.29453125 0.37265625 0.01796875 0.0953125
1 0.32890625 0.3625 0.01015625 0.07421875
0 0.8640625 0.4109375 0.10234375 0.096875
0 0.5515625 0.3140625 0.03359375 0.0765625
0 0.40234375 0.384375 0.046875 0.1
0 0.67421875 0.2890625 0.0484375 0.0640625
3 0.409375 0.22734375 0.0359375 0.1015625
3 0.5046875 0.36328125 0.05078125 0.18046875
3 0.484375 0.23046875 0.0265625 0.0703125
3 0.77890625 0.7546875 0.2171875 0.490625