0 0.4671875 0.35078125 0.0578125 0.13828125
0 0.38203125 0.46640625 0.06484375 0.146875
0 0.490625 0.2203125 0.03125 0.06171875
0 0.5515625 0.1921875 0.03359375 0.0984375
0 0.4921875 0.1390625 0.025 0.06015625
3 0.65 0.6421875 0.2359375 0.7015625
3 0.25859375 0.2140625 0.14375 0.07421875
1 0.3953125 0.22109375 0.0109375 0.0640625
1 0.340625 0.33046875 0.02734375 0.096875
1 0.303125 0.42890625 0.021875 0.12734375
1 0.23515625 0.56328125 0.03515625 0.10546875
1 0.28671875 0.63984375 0.0203125 0.0921875
1 0.1875 0.71875 0.03359375 0.1078125
1 0.13828125 0.81640625 0.03203125 0.1375
1 0.065625 0.9296875 0.0296875 0.121875