1 0.697957 0.518030 0.060258 0.101685
1 0.164365 0.375027 0.054383 0.092308
1 0.125009 0.312057 0.048658 0.069410
1 0.319600 0.278734 0.029070 0.054785
0 0.032235 0.617174 0.064470 0.129352
0 0.073741 0.292074 0.032304 0.057107
0 0.306159 0.337720 0.031306 0.058778
0 0.442244 0.371582 0.040250 0.074112
0 0.658766 0.413517 0.043046 0.072115
0 0.606216 0.377180 0.037455 0.062053
0 0.893507 0.487741 0.036304 0.071556
0 0.925602 0.494055 0.038409 0.072609
0 0.663360 0.330135 0.024936 0.043367
0 0.783705 0.327425 0.023852 0.035778
0 0.393381 0.241741 0.016696 0.038163
1 0.539177 0.256649 0.024448 0.045319
1 0.587478 0.263506 0.022063 0.041145